6.538481E-24
-9.0751727E18
-2.3222354E21
-2.4780933E-29
1.661185E-21
1.4810305E-36
-6.2135863E29
6.190226E-30
3.70051E-37
-125.425735
3.6890882E-37
-4.0712486E34
1.58667E-27
-7.327683E-9
-125.88082
-32230.99
-2.4285047E27
4.387765E-16
-4.1591663E-22
1.4490553E20
3.37248154E10
3.45669601E13
-4.8056975E-4
0.12336537
1.0734486E-19
-2.4413038E-32
-1.1011426E-16
1.07692285E-19
-4.0227587E-28
0.03116369
3.6836628E19
-127.85351
-7.4483064E-9
7.113017E-15
4.049075E-28
-528368.0
-3.6234406E16
-128.66797
9.243357E18
-1.7780918E-15
1.2309106E-4
2.674524E-23
1.5631035E26
8.9115213E12
6.905305E-21
-521.0158
-0.03222085
-1.0700876E34
-2.4327373E21
-9.0535258E12
-1.963578E-6
-3.7110729E16
-33757.01
1.7514524E-21
1.641722E29
-4.397748E37
4.129693E28
-1.1069686E-22
-8.9613978E9
2.9695877E-14
34033.01
-2.37621258E18
-3.5341218E10
-3.9524836E-34
-1.6550767E32
1.0346396E31
-0.031952865
1.9149418E-9
-9.062921E12
-2.6603245E33
3.5533111E10
1.0498046E31
1.5603647E23
2.4993223E-35
2.7386938E36
1.5752874E26
3.047717E-8
-2.6793708E-23
-1.1242161E-16
-9.744262E-35
-6.084286E-36
2119424.2
1.0747407E37
-2.6070027E33
0.0019534826
-3.6863087E19
-2.974093E-8
1.6524678E-24
1.0319942E34
9.844282E27
4.1285474E34
9.847304E27
-1.33216248E8
3.3479678E7
-1.5384164E-33
-1.0317669E-25
8.5639818E9
2.5821386E-26
1.1580601E-10
2031.1245
1.4931482E23
-8253053.5
-5.40142305E11
4.56687E-10
1.08987696E-16
-2.3673714E-35
-5.40754674E11
-3.705143E22
9.278539E-38
2.732019E-17
-6.3594442E32
-1.868407E-6
-3.44466989E13
2.14993234E12
4.164675E37
-7.297669E-9
-3.36592773E10
-4.671454E-7
9.224586E-38
4.0555011E-25
-1.6287276E35
-4.1563675E37
1.3824207E14
-6.5094005E-24
1.51735125E-33
1.7093915E-18
-3.7133674E-37
-3.0100804E-5
1.20205776E-4
7.524619E-6
-1.9687802
129799.98
-4.403283E-16
0.0077739945
6.1398417E-33
-6.5959406E35
0.03116369
2.9698183E-8
4.323772E-19
130669.99
4.32225E-19
3.0432826E-5
2.30155038E18
-0.49980924
-1.5839345E29
-5.49051138E11
-2.4031879E-35
-8188.6245
-1.9968566
-1.33830656E8
-6.336887E-30
4.1743734E34
-9.446463E21
1.0694865E-22
-1.0236704E-28
-2125120.2
-7.560176E-9
0.0019924645
-8.9354142E12
4.550127E-16
1.139734E-16
-3.9689148E25
9.765826E21
1.48882739E17
-1.5171732E20
-4.354849E-22
1.38346528E8
-1.007096E28
8403.503
-3.968E-34
-4.3859347E37
1.8383198E-15
-1.0963056E-22
-6.547587E-30
2.5016004E-35
-132.37115
-1.5523402E23
2151424.8
1.6295359E29
-6.043473E20
-4.0719054E28
7.501113E-12
-6.761752E35
-1.7466959E-21
2.93498E-14
7.039516E-21
-1.2536351E-4
8.191897
-534128.1
3.8390686E-37
0.0019814372
-2.855615E-14
1.6646788E35
6.6267345E-24
2.31435763E18
2.6673803E36
128.99608
-0.0077992673
2.5285698E30
1.2166425E-4
2.4064203E-35
-6.2933773E29
4.0510347E31
-4.0465784E31
-2.9979674E-8
-2.014038
4.100721E-28
-6.4696455E-27
-1.2165866E-4
2.4649615E27
-1.0232155E-25
-9.7712917E27
-6.3809957E-27
-2.11861453E9
1.32229088E8
1.071364E-19
-6.2189063E29
1.48922835E23
-2.5538794E33
-5.945845E23
2.4871368E30
6.8088723E-18
1.6283345E-24
4.2599127E-19
-4.1609757E-22
1.5565399E29
3.7951287E25
-3.52915616E16
-8.4163922E9
-8.4191447E9
1.1437425E-10
-503.88266
1.0187505E-25
1.38751032E14
6.253917E29
-1.385728E14
7.1962423E-12
4.4966106E-13
4.5008433E-13
-0.4944076
9.1666537E18
1.5751093E29
NaN
2.5207551E30
-0.12450217
6.9162354E-18
1.6875259E-21
-3.7611177E22
3.9358182E-31
-5.74428855E17
4.8998E-4
-2063.9375
3.8826583E-34
4.07496E-28
1.1759128E-10
-1.53539E-40
-3.020705E-8
-1.678522E35
-2.36407E-40
-0.031754505
5.9215319E17
4.3686703E37
1.0167372E28
2.6043946E30
4.265519E34
2.6669E33
2.6033114E30
-4.05926E-31
-2.21059558E9
-1.8696717E-12
-2.4763266E-35
-9.970985E24
-539408.2
-9.676186E21
3.078732E-8
4.3087464E34
-9.574376E18
1.566439E-36
9.37774E15
1.847102E-15
2.8224246E-20
-1.0544858E-28
1.50602375E17
1.2673442E-4
-2.9173722E-14
1.7043943E-24
-0.12751392
4.869217E-7
6.115281E23
-0.5069428
-7.201705E-15
2.5698074E-29
3.6726995E16
-8583426.0
-3.5056001E10
-4.022065E-31
8.179933
-7.544714E-9
2124864.0
2.86238E-14
-5.76152855E17
-1.57871205E29
1.778471E-15
1.7365764E-18
6.666316E-24
-3.0464491E-5
1.6577573E35
2040.3124
-2.18761449E12
-1.5309166E-33
0.031034466
2.13378637E9
2.4618638E27
-4.4152095E-16
7.419088E-9
-2.12831398E9
-1.5620252E-30
-2.442658E-32
-1.0735479E-19
5.840357E20
1.0010057E-28
-1.0957724E-16
-7.0080643E-15
3.46850738E13
-1.5202195E-33
6.243762E29
-2.434587E27
-7.3310935E-9
0.49331653
-1.4541445E20
-7.0492644E-15
32608.996
2.30401328E18
-2.4755021E27
6.31628E-30
-6.639852E35
-3.748897E-37
-1.6420674E-24
-8308990.5
8.4950369E9
3.40414894E10
-3.9201833E28
9.6261227E-35
-4.782342E-7
2.2995E-40
-1.1875304E-10
-3.8375767E-37
-4.0135186E-31
-3.828161E22
-1.5182705E-36
-526896.0
-2.7216724E-20
2.5474485E30
-1.6250193E32
33133.004
-1.8004263E-15
-4.4974067E-16
-133028.02
-1.4965463E20
-2.28533519E15
-5.5702041E11
-2115840.5
6.304172E26
1.0834452E-22
1.0522776E-25
6.016991E20
-2.5133392E-32
3.4946949E10
7.3963075E-12
-3.8271234E22
-1.7576995E-18
-1.0443573E-25
2.5457715E-29
3.082026E-5
0.001970947
1.6800087E-24
-1.014492E31
4.69953E-10
1.5269029E-36
-6.341155E29
1.667993E-24
9.775705E-35
-1.167173E-10
1.6946863E-21
-2.4139408E24
2.19325176E12
9.6438096E24
-6.3070136E29
-32614.996
-2.8254739E-14
-1.4966659E-36
-1.1578115E-10
4.2267888E37
8331263.0
5.3335648E8
1.1829614E-7
4.1099648E-25
-7.59412E-6
-127.363266
-5.3458528E8
-2.5246624E30
-1.4688939E20
-3.0346677E-5
1.43064038E17
-1.57085375E29
-1.802197E-12
-7.5653647E-6
-9.8249384E27
6.735007E-21
-0.007776021
-32628.496
31.945799
-1.1910742E-7
-1.541404E26
-1.5456541E26
-1.6127521E-27
-1.5009822E-36
4.5465015E-13
-521575.94
-6.272079E-30
32523.496
-2.17838689E12
-6.1073973E-33
-9.33751E21
1.5783492E29
-6.5922014E-24
2.15665869E9
-8.055176
-4.0571014E31
1.0010021E-31
-1.7800431E-15
-1.5828465E29
-1.5734365E-30
-1.6935453E38
-1.4647957E20
1.40479782E14
-2.8380942E-14
6.0240606E23
1.5353836E-33
2.7753455E-17
-31.832516
-4.4160904E-16
1.5748917E29
-2.830548E-14
6.9176118E-18
2092031.9
6.0287645E23
4.5468485E-13
-2086463.8
-6.73449E-21
1.07960285E-19
-2.28638564E18
-7.92932
-9.3369337E21
6.5659473E-24
5.976837E-36
-4.0221424E-28
1.9021971E-6
1.8619912E-9
-2.567742E-26
1.00515036E-28
-1.560653E-30
-1.05049876E37
-1.492641E23
-129397.97
-1.32638688E8
0.0077365623
-130045.98
1.764322E-15
3.58088904E16
-2.337536E-38
-5.9828982E-36
1.6513682E35
0.124448754
-9.3053735E-38
4.8264852E-4
-1.32474848E8
-32377.492
2.557171E-26
-2.4450278E-32
4.739631E-7
-0.03101158
8370431.5
-2.5209651E-29
-4.7623323E-7
-4.030586E-28
9.8837236E27
-1.05761174E-22
-2.14659878E9
-1.6949734E38
6.0222045E-36
5.526415E11
-3.7146816E19
-3.6917136E19
3.5562333E13
529936.06
-4.723831E-10
-1.206463E-7
-1.1267234E-16
1.6831393E-24
2.4060036E21
2.032288
1.8100217E-15
-1.6873297E-24
2.581802E30
3.0499E-8
-2.22908829E12
-0.03168774
-1.523148E23
2.757738E-20
1.46925574E17
-2.835613E-17
-9.36749E18
131.5938
-1.41620724E11
2.4294087E-38
-1.6354523E-30
-3.014479E-11
34007.01
-1.7025265E-24
-1.0199106E28
1.0383845E31
-4.5150255E-16
-8513281.0
0.12725833
4.231703E-25
1.6432963E-27
32.62696
-1.651165E32
7.81473E-6
7.283239E-15
1.5856012E-33
9.824E24
6.698875E35
-1.41703856E14
-9.979078E27
1.71092E-21
3.6425725E16
-1.5228623E-36
6.101261E23
4.374264E-19
-1.5548392E26
3.87907E25
0.03126049
-9.4370943E21
-7.623457E-6
6.96494E-18
1.6253658E32
8239.75
1.8364756E-12
1.7079214E-21
-2.5490733E30
1.0417236E34
2.25447987E15
-4.1376116E34
1.9134604E-6
-9.676376E-35
-8.061523
3.4800144E10
-1.39469013E11
3.9189815E-34
520.047
-1.9318543E-6
-2076.8752
-1.1783642E-10
-3.896529E-34
2.21922329E12
4.593271E-13
9.321326E18
3.470787E10
2.01709
-5.7936346E17
2.5397114E30
1.0110054E-28
-1.5152857E-36
1.7097308E-21
2070.0627
1.0263762E31
-516.07825
2.890744E-14
1.2420866E-4
4.3284816E-22
-1.5951035E-30
2115072.2
-5.9359245E20
-1.0133781E-28
4.073318E31
-2.7927523E-17
3.7967094E-37
33125.004
-1.1820946E-10
-6.735992E35
-6.545377E-27
-1.8401949E-12
529280.06
2.9550584E-11
-7.133617E-15
-2.796564E-17
8.6898125E9
6.09831E23
-5.936465E20
-9.878516E-32
-2.3023948E18
-2.402196E-35
0.4999389
-127.34764
-1.6834157E-21
2.7545932E-17
7.056312E-15
4.7339557E-7
-2.6333459E36
6.1069268E-33
-1.6323737E-24
-6.2270115E-30
-3.38354442E10
0.0019318756
2.8097745E-14
-3.817501E25
8260478.0
6.215167E-30
4.2703023E-19
2.3225764E-38
-0.4912947
3.7095815E22
1.5199168E26
2.4310357E27
5.27023968E8
8.6344923E12
4.5679358E-10
1.8285954E-9
3.45197154E13
-1.5527196E29
-1.5476905E29
-6.204205E29
6.797119E-18
-9.159439E-38
1.37198377E14
-2.4111639E27
-2.9830719E-5
-8231806.0
6.5605466E35
-9.2973014E21
6.8699654E-18
-8.9035692E15
2.398008E-35
2.5047101E-29
-2.12834675E9
-5.58311288E14
-1.15273104E-10
-6.253686E-30
-2.558946E-26
1.6455877E35
2.12998502E9
-8093.248
-6.5638932E35
-1.7952024E-12
-1.8838323E-6
1.099618E-16
-9.800005E27
-1.5030637E23
2110656.0
1.524347E23
-8531459.0
0.008002761
-1.0615309E34
-4.9817574E-4
9.601244E21
-3.6497193E16
-1.5206582E-36
1.2319909E-4
5.4322797E8
-1.8889639E-9
-1.0239004E31
-4.5117734E-16
33634.01
-6.345603E-33
9.939397E-35
1.0929129E-22
2.9331585E-14
-1.7125966E35
6.2102865E-36
-6.677352E32
2.4189022E21
-2.5305846E27
-2.3981496E21
1.5501376E-36
-1.9482109E-6
-4.026329E28
7.112115E-18
9.948849E24
-0.5143282
-2.9261326E-14
-5.9384204E17
-1.091324E37
-544720.25
6.2563886E-36
4.5097913E-19
-2.6928873E33
-2.4266106E-38
-7.2838896E-15
-1.36744992E8
4.332359E-22
-8.08838
-2.6711122E36
1.40896402E14
1.6575924E-24
-2.3640466E-38
-3.6309172E16
1.0683556E-22
4.9369043E-4
-1.7578583E-18
-4.6077037E-13
-3.4015236E7
1.7171966E38
9.538838E-38
1.5960237E29
-4.227345E-22
5.62666418E14
5.72282539E17
1.0757979E-19
-0.007734655
4.8258892E-4
-5.42877024E11
-1.048E37
-1.02506145E-25
-5.8544082E20
-9.7901823E27
2035.4685
-9.805841E-32
1.6905338E38
508.3437
-4.216404E37
-7.0428676E-15
-3.9167983E28
1.33404656E8
-5.984184E-36
-3.828232E-34
4.8462296E-4
2.7570072E-17
8.5292472E9
6.567664E-24
3.9149938E-31
9.1812904E18
4.7560022E-7
8362367.5
2.523045E-29
-1.0772041E-19
6.43454E-27
-2.3902181E24
31.796871
4.033889E31
-31.866207
4.0262719E-28
5.75326022E17
2.5273705E30
-6.464423E32
130927.99
6.636832E-24
-1.0660936E-22
1.9300498E-6
-0.007926227
-6.7015125E35
-6.4144644E29
6.55504E-27
-2109184.0
-4.5743964E-13
-4.257684E37
2.6067912E-26
0.007893563
0.007883788
9.12045E15
-4.6039566E-13
-1.7177958E-21
-4.022822E28
1.6048297E-30
6.170806E23
-4.122342E31
-1.0106924E28
9.851449E24
1.7363564E38
-4.640872E-13
-4.429057E-19
-535552.1
-130.93362
1.0583362E-25
-1.36970272E8
6.601688E32
-9.800978E24
-6.076572E-36
-6.693398E35
-1.0384595E34
3.8859497E-34
0.12627031
1.5679675E26
1.96947E-40
7.050492E-18
-2.3903668E21
1.42249334E14
-4.0908606E-28
1.0737347E37
3.9080485E-34
-2060.375
-2107392.0
8.056396
-5.49604786E11
-1.43802918E17
-1.576294E29
-4.013884E-28
1.894048E-6
6.3036286E29
-6.4249755E-27
1.6499231E35
-7.5515113E-6
6.4302555E32
2.6290055E36
3.8076606E-34
-1.0252597E34
-4.710672E-7
2.5558694E-26
1.8885763E-6
-0.007746099
-5.71860293E17
9.363201E-38
-7.930907
-1.5347452E26
-31.706049
-3.9970589E-28
-1.0248636E34
-1.5572825E-30
-4.095208E34
-8290943.0
1.6039512E-27
8.7415996E12
1.9915158
-6.3944067E-27
1.0718108E-19
2.6164025E-23
-5.29465216E8
7.162824E-12
9.9508924E-29
-1.4847959E-36
-4.2808902E-19
-3.56060262E16
6.0915047E-33
1.5232288E-33
1.7992826E-12
2.947217E-8
1.9801327
-2.886535E-11
1.8517594E-9
-4.8616523E-4
6.4427252E-27
1.2171268E-4
6.3267436E29
7.6214774E-6
-2.5717257E-26
-1.0518602E-22
5.4697073E11
3.8386353E-34
0.031186579
-1.6915067E-21
-1.2204795E-4
9.47283E-38
2.5322127E-29
-3.769847E-37
6.313391E-30
4.2413686E-22
9.725123E24
-3.5430259E13
1.0697127E-22
3.0764382E-5
3.6332271E16
4.2293905E34
0.0019915109
-2090.6255
-1.573282E-33
-1.5067246E20
5.5876531E11
-1.0027739E28
5.4209747E8
132208.02
-8.8484379E12
-1.5868362E29
1.645074E32
2.4467186E-35
2.826465E-17
-4.120813E-28
4.232813E34
-6.138653E-36
2.6442405E33
9.629203E21
-1.0798587E-22
1.1882408E-10
2.22338404E12
-4.8369117E-7
-5.4447315E8
-2.28189921E15
3.906578E25
5.6913477E14
4.9580634E-4
-1.0402659E34
6.5656386E32
5.8230143E17
3.5577366E13
-3.8062374E-37
3.808907E22
-2.5281297E-29
6.952658E-18
2.9298338E-11
-1.5746884E-30
-4.3323747E-19
-3.6762884E19
8.8317949E12
-1.37850012E11
2.5755082E-29
-3.9318437E25
1.1175213E-19
-1.8108349E-15
1.5750513E26
3.9350853E-34
-9.72516E-35
1.5636896E-33
-3.5377646E13
-3.7736353E-37
2.6080327E33
-8192.251
4.2982373E-22
-1.5446466E-33
5.6442742E14
1.9099098E-6
2052.1875
1.6156364E-27
0.5022125
-32.002934
1.6052602E29
9.586254E21
-1.3430376E8
8.8924624E12
4.103648E31
2.27111026E15
-1.7026063E38
1.7198119E-21
-8.650752E9
2.5022795E-32
-2.4681244E-32
-2.4732354E27
1.6173933E32
3.8513305E-34
-3.6725725E19
-6.601417E35
-1.009064E-28
3.070105E-5
33166.004
-3.024707E-8
1.8520745E-12
3.5813593E13
520.8126
6.611247E-27
-8486145.0
3.9018184E-34
-1.0143642E-28
9.677605E24
9.661094E-35
-1.5484642E26
-2.6152424E33
4.489275E-16
1.0754871E37
6.110116E23
6.415238E29
-7.02381E-18
519.25
9.231535E18
1.5527338E-33
-2.3588412E21
-2.7703481E-17
1.36950309E11
-2.5859673E33
6.920788E-18
-9.849476E-32
-0.0019509493
-3.50657236E13
1.0190722E31
-8.060547
7.165927E-15
-5.5267505E11
-0.12571716
1.0152037E31
1.5524987E-33
-4.3219192E-19
-5.60295597E14
-4.5188153E-13
4.5122928E-13
-4.6044582E-10
-2.7357887E-17
1.7080945E-18
8.4804874E9
-2.6169577E36
6.873036E-18
2.631266E-23
-2.9659528E-8
-2.825127E-14
5.8654875E20
1.8537488E-9
2.3347737E21
-9.7774874E27
-0.030879013
1.2081859E-4
-1.4915459E-36
1.0273019E-25
-9.577192E-35
-3.9204105E-31
2.5813325E33
9.6327404E24
-4.0987312E-25
0.0019429026
-1.10329416E-16
8.536194E9
9.605735E24
6.4356247E-27
-1.36230969E11
-8318718.5
-5.44932266E11
-8.5192852E9
-2028.4371
-1.0756655E-19
1.7689568E-15
-0.030985827
-9.579614E24
1.5272019E-33
-7.529741E-6
-1.6332067E-24
-5.969457E23
-2.5504656E-26
-1.39071007E14
-3.55845857E16
1.7175972E-18
-2.8175374E-14
-2.6290462E36
8142.624
-1.39749637E14
8360447.5
-9.853802E27
-3.7391966E-37
-7.943725
1.6582137E35
6.0292257E23
7.6285787E-6
-3.42113608E10
6.015959E-36
-6.1214096E-33
2.9573581E-8
-4.1894106E-22
7.92285
-1.8909046E-6
2.570779E-26
-1.6889762E38
1.902721E-6
4.1442665E34
1.40374555E14
4.6526333E-10
6.1517316E26
-0.0077527757
127.74023
-7.968994
1.2250617E-4
-1.2299791E-4
4.485074E-16
5.8286438E17
4.102286E31
9.314571E18
4.5859155E-13
3.8850093E-34
5.5658421E11
-4.945994E-4
6.5541505E32
4.373073E-19
2.4448813E-35
1.019911E-28
-9.750139E-35
6.712667E35
1.06716E-22
9.954953E-32
1.5285435E23
4.2037834E34
-4.722694E-10
-2.3797747E21
3.109035E-5
1.0848009E37
-8.7364762E9
-2.776433E-20
-1.8334954E-15
6.1557036E20
-1.0046662E-34
-2.4519374E-38
-4.216094E-28
4.2172927E31
-1.7490225E-21
-134792.05
-1.2269452E-7
-1.5417348E-36
2.4680982E-35
-1.548301E-36
-2.600681E30
-2.949118E-14
-3.15942E-5
9.3087446E15
2115.0635
4.39093E-40
-1.7403886E-21
6.051939E20
1.0162593E-31
-6.4413525E29
2.841373E-17
-2.5762315E30
8.199954
-5.8780785E17
6.0132076E20
3.5767422E13
-5.7040608E14
-0.007924081
-4.935861E-4
1.6016515E-30
-2.6138163E33
-1.1143565E-16
1.5889154E29
1.7060081E-21
-1.40623663E14
-1.61122365E-27
1.9948424
3.3428478E7
-32593.496
-1.4946914E-36
1.8060828E-12
7.5726994E-6
-1.02647995E34
0.0019395945
9.361766E-38
-3.8238177E25
1.00231545E-28
520943.94
1.13161196E-13
-7.042217E-15
-7.9249253
5.56481632E14
-1.14713544E-10
-6.385887E32
-2.1103241E9
2008.8431
2.4843717E-29
-125.3398
-0.030613411
-0.48970014
-2.14758366E12
0.030703058
-1.38074575E14
1.0009207E31
-7.3504207E-9
-9.73768E-32
2.5560272E-26
2.6819259E-20
-2.327025E-38
2.4446515E-32
-2.3885576E24
-3.47656044E13
4.3902726E-16
-126.302704
-7.532535E-6
-9.958288E-29
-1.1233546E-13
1.0984152E-16
1.0047893E31
-8.695026E12
130271.984
-2.5727512E-26
9.373247E-38
5.8961123E20
-1.6164031E32
2.6541673E-23
-1.0389298E-25
-1.6643072E-24
3.7921177E-37
-6.655471E35
-1.100779E-19
6.26454E-33
3.503503E10
-6.920608E-21
-5.8921522E17
-1.105643E-19
-4.7583637E-10
-6.739625E-24
-9.780116E-35
5.6428508E11
-6.201837E-36
0.12915808
2.7304243E-23
1.0169818E-31
-1.0708482E34
-1.069327E34
-1.9179545E-9
-6.529556E29
-7.483794E-12
-5.5320595E8
-2.6610375E33
1.7616433E38
2113.0635
1.0672031E-25
9.767282E-38
1.751866E-21
1.720304E35
-528.65656
2.5793203E27
4.3257365E-25
-0.0020228038
3.629249E13
-4.5522955E-16
-9.1938435E15
-2.05915E-40
-1.0041339E28
-3.6589552E16
-4.3164867E37
-3.6575259E16
2.56688E-29
4.9699855E-4
8.743553E9
133508.03
-1.6100778E-30
-6.130939E-36
2.5243888E27
5.6188581E11
1.41957276E14
-1.0441004E34
1.478892E20
8.6035661E9
-1.5091742E23
-2.978504E-8
-1.03467227E34
4.4427895E-16
-0.007794976
5.891969E20
-6.4482473E-27
0.031128881
-1.8502531E-9
-4.0200858E31
1.0027158E31
-8.6829454E12
-2.940532E-8
1.32640728E8
-1.38437491E14
-0.0076767183
5.65685367E17
5.9198058E-36
-4.6709448E-7
-2053471.2
-6.6383288E-21
-1.01784383E34
-5.261392E8
9.7063825E-32
-513503.8
-2.314309E21
-7.466876E-6
-1.7410654E-15
3.8680486E-31
6.340369E-27
3.9704957E-28
8011.997
-6.053033E26
8.6307342E12
128757.96
-1.5139422E-33
-0.0019223088
5.9264186E-36
9.3255475E21
-9.1089503E18
-4.0919754E34
1.5634936E-30
-4.47739E-13
1.3923852E14
1.15203826E-10
2.6311148E36
1.1795235E-7
-5.960398E-36
5.30808736E8
1.0018069E-28
-1.973022
-7.1663773E-12
-7.366224E-9
9.625067E24
0.0019508599
2.5920392E-26
-6.942706E-18
-4.3708234E-19
-6.4140776E29
6.879868E-21
-1.0463822E34
-1.6619915E35
2.6057657E-26
-6.384869E29
-4.08285E31
-2.8567426E-14
-5.4054093E8
-5.8082361E17
4.480195E-16
-2.432978E24
-1.585047E29
-2.6602412E36
-3.817143E-37
-6.542663E32
2.5936397E30
2.7762673E-20
0.008017066
1.1426816E-16
2.7058363E36
-9.1001091E15
2.4428242E-35
-6.4678706E-27
-1.44093189E17
4.7859794E-7
-8.8181058E12
-2.22103549E12
-7.760248E-6
-1.2521824E-4
-5.5397613E8
2.9598736E-14
-2.7016135E-26
-5.094859E-4
2.515252E24
-4.9258256E-7
-9.474451E18
-2.34482784E18
-1.177405E-10
2115200.2
-2.6586186E36
1.1223188E-16
-7.5594935E-9
-1.46213073E17
4.2137804E-25
4.3285593E37
-1.079219E37
-6.1265334E23
9.522268E21
-1.34811648E8
3.5235912E13
1.1112733E-16
2.650936E-23
1.37711583E11
-6.6413732E35
-6.3144613E29
-3.42831903E10
0.001946926
-1.6926886E38
-6.4302017E-27
-9.1822756E18
-130439.984
-2.1387671E9
7.433186E-9
-9.6174534E-35
-5.8800798E20
1.580707E-30
-1.137493E-13
2.0189211
6.560562E-27
-9.910775E27
517.00006
2.7338322E-20
1.1193372E-16
-2.26506267E15
-8237.5
-2.414539E-35
9.483068E21
-0.0019678473
1.0008215E-31
-8.5920328E9
6.418913E29
4.2964964E37
1.2319909E-4
2.5625653E-29
-9.739586E24
-32907.0
1.37631891E11
4.167962E-25
-1.4742758E20
-4.227539E-22
-2.5821782E-26
-5.9023272E20
-6.4870035E32
-7.9913325
-3.50506912E13
4.781614E-7
1.5892539E29
4.4731466E-16
-6.1677884E26
7.457629E-9
NaN
1.0348908E-25
4.0411865E-28
1.8666242E-9
2.932676E-11
-6.1679773E26
8404736.0
-4.249635E37
-7.2636337E-12
1.34184944E8
-4.414803E-16
2.5197106E30
9.6114903E24
2.5814909E33
-1.078693E-19
-9.1549731E18
522999.97
6.030148E23
0.12452125
-2.4081115E24
1.6100157E-27
2.9029222E-11
-1.5389101E-33
-8.9721523E15
2.4826438E-32
-2.9745932E-8
2097023.8
-1.9897153
-1.10361604E-16
32546.496
4.0348175E31
-0.12444495
NaN
1.6101143E-27
522999.97
4.765315E-7
6.4463987E32
0.031033512
1.8058886E-12
0.49681085
1.0328974E34
-1.5366816E26
9.888106E27
-3.3534974E7
-1.8153256E-12
-6.3046276E-30
-4.6463097E-10
9.2101422E18
-3.7765095E22
-2094751.9
-3.8394582E-34
-5.60287007E14
-4.026833E31
2093791.9
-1.6567179E35
3.8860354E25
-5.5004109E11
2.17468134E9
-4.0904024E31
-9.798321E24
-1.13361E-40
-2103296.0
1.2228265E-4
1.0923746E-19
-6.4685833E32
3.3650688E7
1.0690615E37
-131784.0
-1.7450467E-18
1.06186E-40
0.0019726756
1.354916E8
4.1684677E-25
-1.673248E35
-527072.0
-1.0371312E-25
6.196453E-33
-9.6099596E-35
2047.3435
-508.04684
6.180444E26
-1.1089185E-16
-0.031203745
-3.7571621E-37
4.2480894E-22
1.5896891E29
5.7711166E17
-5.8998052E20
8.0713E-41
1.40634392E14
-1.1043953E-16
-3.919628E-31
3.8457767E25
3.57544646E16
-3.65878E19
-2.17875599E12
-2.563127E-26
8147.499
-521975.94
-9.403803E21
2.3446749E-38
-1.8622187E-9
3.949601E-31
2.25977127E15
5.911425E20
-6.4844286E32
-4.1263734E-25
7.101632E-15
-1.8094968E-12
-1.8084976E-12
8.7397205E12
-1.6463841E-24
-2038.0623
-8348927.0
-8155.624
-4.0378504E31
-2.4505199E-32
-1.15880625E-10
-7.5870184E-6
-1.0791893E-19
2.5789834E-26
-1.1627676E-10
-6.1517847E-33
-1.999298
-3.8669686E25
-2.4749355E27
-5.76443126E17
4.8975646E-4
1.0694509E37
3.980416E-31
6.5138225E-27
1.6292938E-27
6.5230916E-27
9.320763E18
7.703901E-6
9.54475E21
1.9256843E-6
8.8782353E12
-2.3753065E21
-1.34885376E8
3.4443624E10
-1.7878494E-15
-6.7996314E-21
-2.7309368E-20
0.12651064
-3.9970724E28
2.5814398E-29
-5.5722174E11
-4.085807E-28
-1.5591759E-33
1.5641424E26
6.560885E32
6.554448E-27
-5.7675989E17
1.836309E-12
1.38957308E11
9.542156E21
2117632.2
6.880902E-21
-2.5549535E30
-1.714081E38
-9.975754E27
-2.4331255E24
-4.794274E-7
-2.0124512
-3.5451734E13
7.709722E-6
3.099069E-5
-1.5225943E23
6.3669326E-30
8281.001
1.41978751E14
-6.2250235E26
1.6645267E35
2.712077E-20
-9.4308973E21
-2.462369E-32
-6.3157186E29
7.652445E-6
-1.0919446E-19
1.92842E-6
4.306102E37
-8.6646477E9
9.1842228E15
-7.085644E-18
-4.867326E-7
-4.214664E-25
4.763763E-10
-3.5668634E13
-6.370399E-30
-2.3180168E18
-1.038488E-25
-1.7889336E-15
4.4831765E-16
1.2342633E-4
-3.3824776E7
-2.6325937E33
-1.1775826E-10
1.023054E-28
-6.336502E-30
5.7730518E17
1.1112733E-16
-9.655025E24
522471.97
9.597176E-35
-9.4030933E-38
2052.5
1.6656197E-24
-511.6484
-2.4168554E24
-9.0004642E15
-2.7020267E-20
-2036.8748
-6.4212284E-27
9.818028E-32
-3.6568096E19
-6.1057987E-33
1.02815385E-25
-1.39689508E14
2.5327091E30
-9.0043125E15
1.5418724E-33
-2.5934149E33
-1.5369588E-33
2.840913E-14
-2.5675053E-26
NaN
-0.03096866
-1.0995163E-16
8321534.0
-0.12343976
-1.6417339E35
-7.348829E-9
-5.9397348E-36
-8094.748
32457.494
-2.8837372E-11
-1.8916322E-6
2.3413384E-38
-2.17952774E12
-4.0913475E-25
-0.030800335
4.0868031E-25
-8.6492562E12
-1.74505E-15
2.9331648E-8
-9.905374E30
6.0653606E-33
2.4210286E-32
-1.32093912E8
-6.0912842E26
3.886285E-31
1.6407705E35
4.1902507E-22
2.22956866E15
-1.2111103E-4
1.1026335E-16
5.8676492E20
5.8605335E20
-1.6477934E35
-7.9237046
9.806049E27
-1.6788661E-21
-3.3164284E7
2.349906E21
4.225277E-22
-0.4983902
-1.7901804E-15
1.709007E-21
1.1751668E-10
9.754252E-35
9.0234171E15
7.46013E-9
8.031494
-8253.75
4.827162E-7
-6.138893E23
-1.0471747E34
1.36765472E8
5.8664677E17
1.9392469E-6
1.5398519E-36
7.599967E-9
-1.0318234E31
2.606793E30
-0.12872319
-1.45101225E14
3.477608E7
-0.12945181
1.6813214E32
-3.7394408E16
-7.907631E-6
-1.0430533E-28
-5.9382445E17
2.7996768E-20
9.756377E-38
-2108.2507
-7.661813E-9
-2.924658E-14
-7.846395E-6
2.661988E33
4.444145E-19
1.8756112E-12
-523.0939
-2.5328513E27
-2.1934249E9
-1.43988812E14
-1.7291912E38
5.5143648E8
4.2647584E34
1.627263E29
3.6069148E13
0.032057773
537504.2
131.28911
4.256316E-25
-1.5344797E-36
-1.0291864E-28
2.4651497E24
-2.7002122E-23
-4.226402E-25
2.4646452E-35
-2.4708313E24
-1.2448806E-4
0.007991076
-6.521908E-27
-2.20976067E12
1.040551E34
1.5141376E-36
-1.00698397E-28
1.1332254E-13
4.5309587E-13
3.8372248E-34
-2.1337536E9
1.0514078E-22
8.7315332E12
-8314366.5
-2.28684304E18
-5.56464486E14
NaN
4.0273196E-28
-3.9403922E-31
-3.3545214E7
128.52344
1.5485112E26
-5.8986343E20
-1.0062752E-28
-130405.984
-1.0516017E-22
-3.656866E19
-8.7217348E12
-0.0077410922
-1.0234206E-25
1.7990328E-12
5.985875E23
2.3357105E21
4.830285E-4
7.3678152E-9
129819.98
-3.40850053E10
-2.5756279E33
1.0268601E-25
8.7385126E12
127.07616
-4.0199E31
1.00321095E31
9.778907E-32
-517535.88
-2.4896105E-29
-2.7325701E-17
1.49732195E23
-6.579613E35
-3.42192251E10
-1.6490612E35
4.6411228E-10
-1.614546E32
1.0557074E37
-2027.6246
8100.7485
9.7477616E-32
5.32078496E8
7.0633595E-15
-2.9669078E-8
3.8403986E-34
1.5820244E29
-1.1352897E-13
-2.4588331E-32
-1.0570704E37
-1.054101E37
-5.32324256E8
-3.0241901E-5
-6.2708425E29
1.5378857E26
-1.5705235E-30
3.8382827E-34
2.9727287E-8
2.19066807E12
-7.4103346E-9
-7.9647207
-2085503.8
1.5013342E23
3.41248532E10
7.5808484E-6
-7.071491E-15
-4.2085394E-22
2.4040901E24
-2.3918736E-35
32562.496
-3.9237207E-31
-8.7308627E12
1.33857272E8
5.488582E11
1.5082144E-36
9.0319383E15
4.073194E31
3.969266E28
6.9427056E-18
-1.6605968E35
-1.9971312
1.03579724E34
8.7740808E12
1.37032098E11
4.6404122E-10
-2.523347E30
-3.4926672E13
-1.5404147E-33
5.3919744E8
-1.1154407E-16
-2.536758E-29
-3.5209072E13
33093.004
6.398517E-30
-2.4720364E-32
4.473282E-16
-2045.9999
-3.8561664E25
1.4447143E17
1.1662493E-10
-3.878191E-34
6.0666536E-36
1.019418E-28
6.2639365E26
-1.5213011E-36
5.8277642E17
1.6810063E35
3.8125966E22
-9.723057E24
4.1603025E34
-1.5464569E26
-2.648761E36
-9.660633E24
-8.5613609E9
4.17843E34
0.5076142
-1.0321138E-28
-3.5955327E13
-2.3591127E18
3.8525004E-37
2.0530403
9.0070864E12
-2.35826827E18
1.0344559E-28
6.6633124E-27
-3.5908082E13
-1.5725297E-33
-33462.008
-9.579879E-38
6.156971E23
8.9598407E12
1.734539E38
2.2370074E12
4.9690914E-4
7.757453E-6
1.6923782E-24
-4.277946E-22
3.010246E-8
1.529558E23
-6.412144E29
-4.1280363E31
-1.0659092E-25
4.4736595E-19
-2.5526478E27
1.5619846E-36
-1.1681979E-13
9.674456E21
-133752.03
-1.6457614E-27
9.603124E-38
-1.2388082E-4
-6.700093E35
33440.008
-0.12752536
-6.147102E-36
-2.6367934E33
6.167674E-36
0.031990062
-1.40563743E11
2.4192202E-38
8331.752
1.5775541E26
1.43224308E14
1.36499232E8
-3.926176E25
7.777244E-6
-2.2421E-40
2.460206E24
-2.634733E33
1.8086665E-15
1.6879858E-24
1.8447466E-12
2.4188847E24
-3.865729E25
-1.5359714E-33
1.6096459E-27
-1.6546895E35
1.2193992E-4
4.144107E-25
2.4877427E27
-6.637034E-24
0.031312943
1.9214347E-6
-1.6901367E-21
0.0019521115
1.40121135E14
-1.802308E-12
-1.80253E-12
-4.8405668E-4
-32478.494
-130023.98
2.6911904E-20
2.889999E-11
2.8879118E-11
-1.3297252E8
1.6839914E38
32404.994
-2.6255573E36
-1.39032353E14
-0.49290454
1.5905158E-27
3.9774604E-28
4.7015772E-7
6.5484786E35
-2.4354937E27
-5.8073E20
-4.5758228E-10
-9.4592E-35
514239.84
-2.6059642E36
-6.068333E26
1.1163983E-13
-9.6928414E-32
-31.481924
-5.27703904E8
-1.4786429E-36
-2.7928606E-14
1.3481957E11
-6.058983E26
1.9540703
0.0019092255
1.00977314E-25
4.341144E-16
1.7353192E-15
513191.8
-8031.622
3.5414709E16
-1.6253054E-24
-1.1971776E-4
4.3724508E-16
1.7515553E-15
-9.7248906E-32
NaN
-9.7508917E27
7.9235826
-8122.9985
-3.6592303E19
-2.341439E21
-6.2643627E29
-2.3962685E24
-7.907592
8.5359319E9
9.1652464E18
1.5015187E23
3.6672244E19
-9.8040355E-32
6.6090224E35
-2.4026883E24
-3.50667974E13
1.5552642E26
-2.9210412E-11
2103872.0
-4.799804E-7
-8237.75
-1.1980228E-7
-1.0153195E-28
-1.6349227E32
-2.920686E-11
-3.9682583E-31
-3.5401268E13
-8.8615913E12
-1.0712682E37
1.05827E-40
8275.001
129.24611
2.020386
3.913898E25
4.0979534E31
3.081933E-5
2.5076902E27
-9.759068E24
8.9646726E12
-1.731186E-21
-6.331939E26
9.638713E-38
1.40832195E11
-521.4689
6.7664836E-24
-1.8414716E-12
-1.8440251E-12
-2.608921E-26
-1.5221792E23
1.884189E-9
-8.6714634E9
-1.6500016E-27
-0.5109712
-4.1241987E31
5.6477162E11
-6.329052E-33
3.97588E25
-4.5608336E-16
4.547281E-16
1.9081774E-9
-0.509308
2134144.5
9.837713E-35
-2113856.5
4.626717E-13
2.653827E33
1.550505E-36
-9.844072E24
-527.96893
2.6723464E-26
-4.280677E-25
6.234714E-36
9.914022E24
-5.7399674E14
6.154942E23
1.0820881E-22
-3.093947E-5
-33203.004
-2.9492856E-11
-4.492528E-16
3.8197447E22
-6.096959E-36
-1.5619703E26
2.4666992E24
-3.8448793E22
2.731636E36
-1.0903278E-22
-2.6125186E30
-6.043113E20
7.507776E-12
-3.6185112E13
-3.02057E-40
6.351809E-33
-1.648293E32
9.928521E-35
-9.886572E24
-0.007966282
1.2190141E-7
-1.1223866E-16
2.685348E-23
-2.25193752E15
1.067677E-22
2.6733123E-23
6.57059E32
-0.5040132
3.6767677E16
-9.1498641E15
6.77739E-24
1.735167E-21
-2.5269578E27
-2.31744E-40
-9.579018E-38
2133888.5
4.330291E-22
-4.828035E-7
6.0981254E23
-6.695426E35
-3.7116416E19
-1.44225156E17
3.0799773E-5
8.09253
-6.222974E-33
-5.7946902E17
-4.050554E-28
1.6657206E-24
-4.3232427E-19
-2.8915977E-11
130209.984
8.9505733E15
1.6130109E32
6.450261E32
2.3460148E21
1.43228965E17
-1.5325623E-33
-0.49767298
-0.0019415317
4.8478687E-4
7.9473867
2.1336553E9
1.5747708E29
1.3331864E8
6.302855E29
-2.392645E-35
1.032533E34
9.8309836E27
-8.5094548E9
1.5678073E29
2.8774311E-11
5.9489187E-36
8314110.5
1.0024695E-28
6.4123537E-27
NaN
-2028.9996
-1.0002816E-28
-1.7596869E-15
3.6465077E19
-1.9739375
-31.60839
-2.3318552E21
-7.527762E-6
6.0991237E26
2.6686494E-20
-9.9737704E30
-6.1975444E-30
9.0591286E18
-1.47793115E-36
7.844602
-3.883854E28
9.670723E-32
6.6495995E-21
1.96289
3.7146543E22
-4.1711009E37
-2.4947966E30
-1.629818E35
8.4735406E9
-1.6315407E-24
8.4650209E9
516783.88
-2.3776572E-35
2.3881999E-35
-8.6873746E12
-1.457342E20
-0.030858032
-1.38924979E14
1.52421425E26
-6.3816285E32
2.4297513E27
2.925116E-8
2.15905927E12
1.4499335E20
-3.2915448E7
1.5275671E26
-6.545031E35
6.3889833E-27
2027.7809
-9.5353146E-35
1.6452327E35
6.5818436E35
-2.886002E-11
-4.1068072E34
2.18704406E12
-5.47415327E11
-9.177772E18
-2.8292035E-14
7.259637E-12
-2.3470425E-38
-1.9995116
4.047226E-28
-9.449586E-38
-3.121E-41
525152.0
NaN
-7.264966E-12
NaN
-2.5908005E33
-3.3573892E7
-7.013223E-18
-5.7604115E14
4.9080717E-7
529.6096
2.27364936E12
1.524244E20
-1.5548766E23
-1.7401818E-21
3.789893E19
-2111.1257
-1.0895716E37
-4.2679293E-25
1.5392862E20
-1.268574E-4
0.52465856
3.7848515E16
-4.145206E-31
2.4747477E21
-5.0790637E-4
-0.032409683
-2.7422645E36
-3.8282866E19
-4.1832494E31
-3.830088E19
1.2747578E-4
-4.117604E28
3.0534707E-11
134.17197
2.9786957E-14
-2.778205E36
-4.522497E-19
2.9707153E-14
-1.1510844E-16
-3.160817E-5
1.0490309E31
0.0020269162
-6.185674E-36
-2160896.8
-2.475259E24
1.2601918E-4
-1.44847822E14
-1.038756E31
-6.843896E35
-2.21039898E9
9.737577E21
-535280.1
1.47387352E17
-1.7984748E-15
2.621581E33
7.526297E-9
3.466383E10
-6.2286125E26
-1.1687717E-10
2.486987E27
-1.38382672E11
-1.196604E-7
5.6360279E14
-1.9009166E-6
-8151.249
-4.8552448E-4
5.45972486E11
7.5716516E-6
-3.57225766E16
-4.0090064E31
-9.1397723E18
-9.7604005E-32
1.10083763E-16
-1.4822934E-36
-9.9760915E30
-5.53853045E14
-8.6523432E12
-1.41792977E17
-1.9650263
8.8424073E15
5.66089987E17
9.966343E30
-32245.49
-1.02205883E34
-5.8045977E20
-2.6011349E-23
-2.5393425E-26
32141.99
2.4755896E-29
-1.6676353E38
-3.7033555E22
9.446123E-35
1.1984255E-4
3.799851E25
-3.787853E-34
4.2775153E-19
-2.9435334E-8
2.7487908E-17
-1.9825436
-3.3279994E7
-2.28448568E18
-2.3300024E-38
2.3896695E-35
2.3974203E-35
-2.12667558E9
0.12365148
3.923024E28
9.5700215E24
2.3375119E21
0.030996792
-3.46442737E13
9.1331577E18
-1.527296E-33
7.4073787E-9
-6.2719827E-30
5.33168064E8
1.12828136E-13
-3.9267112E28
-1.0741269E-19
-2.9533107E-8
-1.0491298E-22
-1.5674205E29
6.155793E26
-2.23479161E15
1.7708273E-15
5.3543728E8
4.3354185E-19
-8.7524712E12
1.5728848E29
-1.6814992E38
-1.4976217E23
-1.12701494E-13
-2.28698377E18
3.825352E-34
1.5024871E23
-127.007805
1.6482522E-24
6.7578584E-21
2.5308909E30
-5.48078092E11
-2.4206367E-35
-2.361832E21
-4.2813084E37
-1.35118848E8
-32.12207
5.7843108E17
1.587513E29
1.6160309E-27
-1.013161E31
-0.124521255
3.36384E7
0.1253128
4.17019E34
1.7093041E38
-0.031443596
-2.25269344E15
5.4270368E8
5.5525881E11
3.470787E10
7.515156E-9
4.272776E-22
7.349233E-12
4.0054135E28
7.565177E-9
-4.2614483E37
4.3074E37
-4.721273E-10
-3.8077548E22
4.3083195E-22
2.18752666E9
4.3425785E37
-6.4477356E29
1.629681E29
-6.044554E20
1.7473682E-21
-1.0448218E31
-4.8962846E-7
3.127103E-5
4.5494494E-16
7.8394105E-6
-5.8011284E14
-2.2133481E9
5.8389248E14
-1.0714506E34
1.8469937E-15
-2.2243584E9
-1.1247015E-19
-8698628.0
-2.26868357E12
3.1032886E-8
-1.6120269E-33
0.13132486
-8790279.0
34626.027
2.27206938E9
1.558562E20
2.795291E-23
2.9976913E-14
-2.6103748E27
-9.0232648E9
0.008202082
-7.1224435E-21
1.8255159E-18
2.4560124E21
-6.421477E26
-8704260.0
-33969.016
-4.493115E-19
-1.0707687E-25
-1.0718731E-25
-0.032376304
9.2950007E15
-8610051.0
-6.469592E29
4.2254607E34
-3.8287375E22
-1.884928E-9
3.025616E-8
-6.234657E26
-3.7133305E19
-3.4527511E10
8197.0
1.1393317E-13
2053.9375
-1.2010423E-7
-3.8941815E25
1.5935146E-30
1.0984959E-19
3.6073877E16
-5.48187111E11
-1.1555555E-10
1.5706844E29
3.38427822E10
2.5450619E-26
1.7934261E-12
-6.0779626E-33
1.42083256E17
-9.276244E-38
3.6342914E19
6.212567E-30
-3.8964272E28
-1.5479657E-30
-4.6622137E-7
2.4161383E-32
-3.35250575E10
-127879.945
-0.0019057981
9.191582E-38
2.15100608E12
-1.620711E-24
-1.4813422E23
5.9017145E-36
-2.25742849E18
2.6001634E36
2.852073E-11
-6.928049E-15
-4.3320635E-16
-8.7938902E15
-6.043871E26
513543.8
3.8690115E-31
1.1707194E-7
-2.3642858E-35
125.6191
0.0019157821
-2.545085E33
2.476437E-29
0.49118027
-5.26442368E8
4.2726184E-19
2.16832043E12
-1.4850026E-36
-2.3816218E24
1.36042226E11
-3.8191805E-34
1.15665685E-10
0.00775206
-1.4985902E23
-2.23272976E15
-8112.9985
1.07521873E-19
3.8123626E-34
-2.5013974E-29
9.5744003E-35
-521663.94
-1.9849242
3.770053E22
1.01230993E31
-4.5419915E-13
-2090496.0
-3.4461454E10
-2064.8755
2138432.5
-8321.003
4.26452E-25
-1.43804129E14
-1.7641583E-18
-2.4449548E-35
-7.480139E-9
2.425304E24
2.3667317E21
1.911074E-6
524736.0
-8375423.5
-1.5366061E-33
-3.7571401E22
-1.0535404E-22
-32622.996
2.704136E-20
-2.403592E-35
-4.880279E-4
-6.0422307E23
-9.6650603E24
-4.3273455E-19
5.47935453E11
-2.4643194E27
-8.9681655E15
-1.43495046E17
1.5725699E-30
1.106496E-16
0.0019477307
1.9940795
1.40380998E14
2.708065E-20
-9.5695514E-35
31.761227
2.3327648E-38
2.341159E-38
-8.9288574E15
-4.2937945E-19
3.7404802E22
-2.3833511E-35
1.3275748E8
1.12382305E-13
-6.413419E32
2.6822567E-20
-5.9637042E-36
-1.3313636E8
2.6928862E-20
4.2295796E37
-1.07904044E-19
-6.5971576E35
1.9026337E-6
1.6973358E38
6.1562983E-33
-1.8541184E-9
-2.3504103E21
-9.1542694E18
1.37130664E11
3.8582322E25
1.160334E-10
6.038818E23
-2.30288738E18
-2.4633094E-32
5.3983642E8
-2.6660014E36
-6.1128835E23
-2.4026172E21
-1.015146E-31
-1.0138661E28
1.6784994E-27
-1.37973808E8
6.353096E26
2.7343943E36
-131.74614
-3.0667263E-8
-8.7938867E9
1.0037985E25
5.0911336E-4
-4.5352023E-19
0.5264896
5.6890208E8
-2.1212175
-2.1207902
-1.2341782E-10
-9.2779431E12
1.0799391E-28
-1.7913127E-21
4.716689E-16
-0.002052547
9.2221064E12
1.908086E-12
2.6025924E27
-7.664763E-12
-4.2754764E31
-2.37432825E15
4.9207965E-10
1.2597603E-7
1.7605145E35
-1.235848E-10
8.531502
-6.579013E-33
-2.6965456E30
-1.7320777E32
-4.209244E-31
2.631456E27
-34736.027
-2.4808518E-38
-6.943394E-24
1.7005386E-27
2194241.0
-1.7500565E-21
-8616963.0
5.6342944E11
2.6486803E-26
1.44401146E14
6.5030966E-30
4.042047E-31
-6.012487E20
6.4497475E-30
0.031594276
-8.7833418E12
4.1405903E34
-1.03387986E34
-4.517705E-13
2.626904E-23
-3.8321407E25
2.3372597E21
5.69898764E17
-3.3116152E7
2.5055125E30
-3.7820932E-34
1.4486274E20
6.5111167E-24
-4.040544E-25
-3.9330246E-28
2.8991495E-8
-4.6269975E-7
127073.94
-1.6471774E38
-1.4939435E26
2.9681234E-5
-4.2916086E-16
1.7611457E-12
-3.8887737E-28
-5.9351143E-33
6.2493155E32
-1.09585884E-13
-6.8422873E-15
-3.8925331E-28
-30.833965
-4.079678E-22
-9.491669E-32
8.4629594E12
0.4807431
6.8379504E-15
-2.5508893E-23
-1.1216088E-10
-1.6316644E-21
-9.963465E-26
-126371.92
-1.4528417E23
2.3951074E27
-1.3263641E11
8.9584997E18
-2.18218604E15
5.61982143E17
-2.772217E-14
-4.650208E-7
-9.606775E-32
1993.1241
1.6103105E-24
5.62034919E17
-9.64662E27
-1.1963393E-4
1.47703575E-36
-2.665051E-20
-6.502938E-24
-4.5785228E-10
-2.4213295E-32
-6.8038964E-18
5.8263054E20
-4.0936867E34
-1.0972294E-16
3.41667963E10
-1.4665971E20
1.0395925E-25
7.192164E-15
-2.5600606E30
-1.5388878E-36
-2.79458E-40
5.5500826E8
2167297.0
4.803129E-10
-6.808808E35
1.38686528E8
6.8272724E-24
3.0818242E-8
1.0250789E28
-1.2092022E-10
4.971519E-7
-0.00811935
34435.023
-134.03917
5.9676041E14
-4.4914706E37
0.0020814557
-34.01859
1.247288E-10
4.352544E-28
-4.727668E-16
-2.6882663E30
-9.939765E-38
1.1238678E-22
-4.0400593E-34
0.0020511164
-1.0361811E-31
4.367186E34
-1.8224456E-18
1.949958E-9
-2.466749E21
-1.0539003E-28
-2194241.2
-1.6188282E26
-4.3172406E34
6.345469E-36
-1.43470445E11
6.604994E29
8.9923297E9
-6.214878E-36
4.1947693E-28
-6.3516206E-33
0.1275406
2.5580202E-29
-1.5838848E-30
4.0692327E31
2048.0625
-1.21887766E-4
-4.6523493E-10
-8385151.5
1.5785403E-30
-5.75792215E17
-5.4779288E11
7.4578566E-9
1.6564817E-24
1.0915474E-19
-6.2962498E-30
524239.94
-2.3899267E-35
-3.6548393E19
1.35910105E11
1.02187445E-25
-2.3885945E24
-1.0262263E34
-1.6758914E38
5.8434195E20
8299902.5
1.6457398E35
1.0530463E37
-7.934569
-126.792946
-6.8775887E-18
-1.8018084E-12
-4.7285712E-7
-32461.494
-2.8868902E-11
9.7841743E-32
1.6431781E-24
5.46106704E11
6.3070136E29
-2.4068571E24
-2.9643157E-8
-1.6851218E-21
-0.12442206
-3.340134E7
1.05691704E-22
-6.4724457E32
-1.110257E-16
2.1744192E9
-1.074611E37
-2.5156713E-32
-523.8439
6.201285E-36
-3.1145297E-5
-2.6357427E-26
1.6536407E32
2.711921E36
-0.0019971733
-1.660177E32
-1.0803551E37
1.0595037E-25
3.7059052E16
-2.598592E30
1.0772183E34
-1.7557243E38
1.2132524E-10
-3.1194777E-8
2153.6265
-3.6176945E10
-1.0606797E-28
-2.5316492E-35
-6.790125E-27
5.7968669E11
4.2169214E31
-1.0971005E37
-1.6416253E29
9.0865444E12
7.03538E-21
-0.0080447225
-2.6124412E30
-1.9147144E-9
-4.3552367E-22
-4.3578216E-22
-4.057278E28
1.1469509E-16
1.6414802E29
-1.044933E-28
6.885273E35
-1.7943342E-18
-1.5887463E26
6.8206066E-24
-1.895899E-9
-3.6452113E16
2.8824165E-14
-1.6216515E-27
2.19982856E12
-1.37294242E11
-2.5777212E-26
1.6097692E-27
1.5388395E-33
0.03112554
-1.36094654E11
2.4427331E-32
1.4883521E23
-6.0892064E26
-3.7181707E22
-6.2338966E29
1.6302235E35
2.4171166E-32
-5.50829354E14
6.3289297E-27
1.5061037E26
-3.847888E28
3.49171736E16
5.8334797E-36
31783.484
7.218656E-9
-2.23044166E18
507799.7
-3.2349164E7
-1.32489593E11
-126387.92
-9.327701E24
-5.692096E20
-30.819317
3.22483E7
-2012382.6
-2.8617231E-8
-1.31868828E11
1.38028197E17
7.142939E-9
-8.6312983E15
-1.07042876E-16
-9.7475344E30
3.991697E-25
4.1886418E-19
0.12108414
-6.843805E-15
-2.8723644E-8
-1.5930437E-24
-1.7546787E-12
7.378981E-6
1.1040642E-13
-4.631363E-7
-5.20429344E8
2.5325667E33
4.3467682E-16
-7.2947133E-9
-3.4392477E13
9.960308E30
-6.6466014E-21
6.2496614E29
5.68693665E17
-1.9743342
-2.8076926E-14
3.48697594E13
-2.5682598E33
-4.3034565E-19
1.583862E29
8.8436061E12
-3.870216E25
7.716008E-6
-7.740921E-6
-1.4970868E20
-6.3951224E29
2.46847E24
-4.125189E31
3.4451468E7
-6.977478E-21
-9.735273E21
4.276764E-25
-3.075367E-8
-3.934694E-37
4.662479E-16
-7.990754E-6
2164.6267
5.6821395E8
-8643.758
559136.5
-136.9845
2.7675635E-26
2.5170843E-38
6.802583E-30
-4.2132316E28
-4.048457E-37
-2.1502097
-2.523685E-38
1.5862144E20
-2.8506553E36
2.0082802E-9
-4.265941E28
1.1190196E34
-2.9638556E-17
-0.533463
0.5317693
1.43184E8
-4.9720983E-10
-6.889326E-27
5.9947489E14
2.45882686E18
-1.642026E-33
1.9457229E-12
-1.2621977E-7
2.556942E24
2.32297516E12
1.0220636E-34
-1.2221343E-10
-3.8426986E19
-9.783696E21
2.23045299E9
-6.317203E-33
-4.349069E37
-8361.502
-1.570931E-33
-1.6105111E-30
-0.5106813
-1.6449233E-27
2.5790516E-29
1.5984903E29
-1.556067E26
9.0693206E15
-6.002827E-36
2.7079408E-20
1.36845435E11
-1.488171E-36
NaN
-2.8028788E-14
1.4904504E23
-4.1806861E-22
-3.632659E19
6.7225986E-21
-5.29866624E8
6.2422144E29
-3.6285491E19
-1.1997294E-4
4.0790449E34
125.98042
-1.5420434E-30
3.6869066E-37
-9.0021289E18
-8.5809383E12
-1.6511035E-21
6.478706E35
-0.007628199
2.5863925E-23
7.112419E-12
0.48846418
-9.66702E27
-6.189214E29
2.3520164E-35
7.2841404E-9
-2.3042809E-38
3.45750131E13
-1.1453235E-10
3.8839377E-31
-6.539554E35
-0.4910048
-6.0584162E26
6.053127E26
2.2032487E15
-7.3001702E-9
-9.6803194E27
-1.31819488E8
-6.555578E35
2.4498804E-32
-9.5760166E-35
-1.2153199E-4
-521175.94
3.0299645E-5
521007.94
6.6092252E35
-1.8991702E-6
4.3258235E-19
6.4766048E32
1.06201936E37
-1.0353378E34
9.48105E21
-4.36619E-19
132896.02
4.519227E-16
0.5088197
133428.03
4.0443414E28
-2.19349043E9
-0.12790301
1.8626218E-12
-2.3591127E18
8411.503
2.36699427E18
-4.2563163E-25
-0.0020118959
1.1472897E-16
1.7473165E-21
3.4785296E7
-8484.004
6.724295E32
-33.17482
-6.37438E-33
7.926489E-6
-5.9424666E17
2.7317975E-23
-2.6114354E30
-1.44822053E14
9.2881266E15
-6.441159E29
2.5374885E-32
-1.6097408E-30
-1.725861E-21
4.6244963E-13
33336.008
4.0363885E-31
3.8491705E-37
-6.7073944E35
2.5212154E27
-4.0101283E28
6.7201716E35
3.0246156E-8
-2.010315
1.5857238E29
-31.926268
-1.692429E38
-1.6074025E-27
-8150.874
-4.5242277E-13
-7.23721E-12
-1.8097188E-12
1.6891578E38
5.975092E-36
0.0019383428
-9.1446981E18
-0.123815514
-2.5033233E-29
1.21265635E-4
1.8050559E-12
-4.2193895E37
-3.57132307E16
-1.1261129E-13
1.6836539E38
3.726741E-37
8.459778E9
2.3230069E-38
-3.9923554E31
-6.364595E32
1.791955E-12
2.6067896E-23
1.38830489E14
3.9014445E28
-3.716326E22
-2.4296759E27
-7.3375745E-9
8.5021148E9
-3.911202E-31
4.7415227E-7
-5.47348218E11
-4.7397765E-7
31.756832
-1.42819938E17
1.05126144E37
-4.174547E-22
8266366.0
31.565422
2.5611154E-26
1.5686216E-30
1.13607034E-13
2.32188708E18
1.0293163E31
3.1099662E-5
-4.2174407E-25
2132544.5
521.5001
8.126223
-1.4965914E20
-3.0183404E-8
-3.3854472E7
4.1402914E31
-5.493065E8
1.0343326E-28
5.0142425E-4
-1.1708347E-13
2.4286913E-38
9.769573E21
9.3153417E15
4.0970515E28
0.008065704
2.9344596E-14
1.023602E-31
-5.021842E-4
-1.6197076E-30
5.0008314E-4
1.6153262E-30
1.615904E-30
1.2526293E-4
1.47743628E17
4.06588E-31
-1.6096611E29
1.2237074E-7
-9.661959E-38
4.267674E34
-1.7853343E-18
-7.47469E-12
6.364241E26
-4.058124E28
2.684179E-26
-0.0020069487
8590083.0
-2.35383504E18
1.733241E38
8.18628
-4.599377E-13
3.5502204E13
-1.0457167E34
-5.5210462E11
2.8423444E-14
2.849717E-14
6.06695E23
-3.955138E-31
-1.37059361E11
1.5774327E-30
-8147.124
-3.7378764E-37
6.279397E-30
-1.7609609E-15
-1.36228872E11
-2031.3121
-3.92653E28
-2.5004344E-29
-7.5644334E-6
-5.71587614E17
-1.09839825E-16
-1.5278741E26
-7.895994
NaN
1.0487788E37
7.53463E-6
-4.3685203E-16
1.0944002E-16
4.0025687E31
-1.32589536E8
-2020.4683
5.815767E20
-4.083545E34
1.447524E20
-3.2826868E7
6.965454E-15
-5.62668238E17
2.3535225E-35
4.164545E37
-2048191.4
2.16087121E12
-4.161105E-22
1.04516036E37
-8253181.5
-3.299327E7
-8061.8726
-2.614564E36
6.2211304E29
3.37347768E10
1.8712011E-6
3.6280988E19
-1.6688298E38
1.9724727
-6.528889E-24
-3.8922433E-31
-7.53335E-6
-8.8988952E15
-1.4924335E23
-9.0826329E18
2.28385236E18
-4.5079904E-13
-1.0522675E37
-1.18287055E-7
32709.498
-0.12490081
-131019.99
2.715634E-20
2.9850526E-8
1.518582E23
-7.672235E-6
-8248.5
-1.038713E34
4.274844E-22
4.809554E-7
3.7926916E-37
0.001974106
6.1112226E23
-9.99317E-32
-8.104005
-4.5017435E-16
-8499713.0
-4.614365E-13
32.64942
-3.6621447E16
6.071755E20
-6.496867E29
9.539473E18
2165313.0
2.6673766E-26
2.8673773E-17
2.33096572E15
-4.719005E-13
-4.2874503E34
0.13011558
6.595543E-30
-3.91383E-40
-6.8339575E35
3.4381836E7
7.276083E-15
-5.6101346E11
-1.2405594E-4
6.36443E26
-540480.2
-9.939109E24
1.0140926E-31
536448.06
-3.6323475E16
3.4161672E7
7.397862E-12
0.12724307
1.40106564E11
-2.0448003
-535360.1
-1.9475124E-6
-1.7284977E-21
-2.899591E-14
2146176.2
-6.1364946E23
-4.01847E28
-3.0871484E-5
1.073073E-22
-1.58427E-30
2.539634E30
1.5162039E-36
6.320132E-30
3.8904036E25
-1.0386813E34
3.7933804E-37
1.8346993E-12
-6.2288014E26
-0.50205994
1.7459994E-18
-2046.3749
-127.87304
-1.40692383E14
-5.48942086E11
9.8729943E27
-3.6677874E19
3.41311447E10
0.031010624
-1.32976616E8
9.7913907E27
-32332.492
-6.0773043E-33
126.06247
3.9764127E-28
2.4286648E-32
-2.3768857E-35
-129425.97
-9.7533095E27
2.9480356E-8
3.48230517E13
1.8036401E-12
-2.4883394E-29
1.0460762E-22
-4.0753055E34
3.38805309E10
-2.7983253E-14
2.5737264E33
4.1109746E-25
-6.152582E26
2.3589526E-38
-7.498784E-9
-1.45007992E17
-2.7193563E-20
0.03126335
-9.214505E18
-4.8762557E-4
1.06076996E37
4.1485765E34
-31.97119
6.045898E-36
7.014281E-18
1.5645674E26
6.105873E23
1.2335183E-4
-6.088327E-36
0.12604906
1.0946248E-19
0.0078811655
9.779525E-35
9.948633E-32
2.9361406E-11
2.8733096E-14
-2.0299075
-2.28244897E15
-8313.751
1.5668873E-33
533584.1
7.051763E-18
32.636726
-1.9475706E-6
-7.080562E-18
-2.6358216E-26
1.05833E34
3.844533E22
2.688903E-23
6.5735795E-27
5.8764952E17
-1.0312818E-28
4.2478597E-25
-1.0363356E-28
7.635665E-9
1.090457E-22
-6.593301E-27
-4.7502635E-10
8528642.0
2.8229074E-17
0.12735751
-7.259603E-15
-0.031916626
-5.7605833E14
9.6941E-38
-2.4123447E21
-9.796866E-35
-6.578513E32
1.6372007E32
-2.4320187E24
-4.2502866E-22
3.4414264E10
2.6478665E-23
6.628148E-24
0.0019559264
0.1254654
-2048.6252
1.35761936E8
9.757591E24
-1.6344275E32
-3.5321811E13
4.368969E-19
-3.59864637E16
-1.0324453E-25
-7.0929586E-15
1.5437415E26
3.6786525E19
3.0447261E-5
-4.541922E-13
9.63466E24
-2.9624967E-8
3.6646912E19
6.588565E-24
-8118.6235
6.28796E29
-6.2209448E-30
516759.88
-3.9914503E-28
1.39356631E14
-3.7251914E-37
-1.6013134E-27
6.2703457E-30
3.8418808E25
1.53401985E-33
-0.0019349154
-4.0963962E-25
5.9793265E23
4.8312536E-4
126.585915
4.8329672E-4
1.4946702E23
2.5564216E-26
2.12438182E9
3.9921285E-28
1.843716E-9
-2.4428461E-32
-1.36310661E11
-2.23262668E15
-4.1094692E34
-2.3380382E-38
-3.9198688E-31
2.8980813E-11
-2.12995238E9
6.2637975E-30
2.3977876E-35
-2.3963423E24
-2.3276707E-38
-4.29889E-19
-1.8894494E-6
-1.02428837E-25
4.208875E37
129763.98
-2.751586E-17
-4.208486E37
-2.393747E-35
3.9358389E28
8.9529098E15
-7.5714192E-6
0.031136034
-7.2289943E-12
1.0795036E-19
-1.8021137E-12
-0.0077446685
-1.8453928E-9
-1.9840084
2.6289235E-23
1.05836846E37
4.1251743E-25
-1.5385574E-33
-1.05662623E-22
2090015.9
1.03075715E-25
5.8922392E20
-7.0988133E-15
-8379519.5
-4.4347254E-16
-4.5412976E-13
-4.3302572E-19
4.2414572E37
2.7009927E-20
3.7578507E-37
-1.53237425E-33
-1.40185568E14
1.689904E-21
-2.9790952E-8
9.420026E-38
-1.5124847E-36
-1.0892976E-19
-7.137953E-15
32.218746
-4.5400486E-13
4.0456497E31
522871.97
32674.998
2.5938507E33
9.417443E-38
4.0812407E31
-1.6342294E32
-5.8047177E17
-2.4348964E24
-1.6626507E35
1.5255713E-36
-4.3595727E-19
-2112448.0
2.944223E-11
-7.1973685E-15
-1.7570112E-18
-1.0458719E-25
1.682274E35
-6.8548465E-21
1.5660314E26
-7.189562E-15
2.881896E-14
-2.4137307E-35
1.1645795E-10
-3.9594736E28
-1.44036015E17
-9.637612E24
-3.7644522E-37
-1.35847968E8
0.5147249
1.7940166E-18
4.2963234E34
1.9211948E-9
-4.1779253E31
-3.9443727E-34
-7.065739E-18
1.0823143E-22
-1.889248E-9
1.9458826E-6
-2.34496886E18
-9.677169E-38
-0.12863927
-131.76567
-1.8696717E-12
-2.473094E-35
4.0652563E28
33591.01
0.008017304
6.830307E35
-1.2499472E-4
5.681439E11
1.7601893E-21
-134436.05
-0.00796199
32.71387
2.502779E27
-2.8118956E-17
1.5254076E23
2120192.2
6.266392E26
2.394683E-38
4.033461E28
5.7360161E14
2145536.2
-0.0019804838
-2.5116948E27
-6.690349E-24
1.45579755E17
2.9363182E-11
0.12628557
7.690863E-6
-2.3752345E21
-2.469629E-32
-1.37030001E11
-2.5051338E-29
-9.558659E24
1.6814253E-21
1.4929006E-36
9.788688E-32
130331.984
-1.5367524E26
2.29961524E18
1.1368509E-13
-3.336806E7
5.72238559E17
-3.40168479E10
1.07545034E-19
-1.35683604E11
-4.3813277E-16
2.5592671E33
3.55274111E16
-1.5573547E-30
-9.757692E27
1.0040156E31
3.48192936E13
-9.5444247E-35
-2028.8746
5.56481632E14
-3.311052E7
-2.4318997E-32
-2.5514122E-26
-5.43069962E11
-129333.97
-3.9870746E-28
-1.5240018E26
5.57409345E14
3.826828E25
1.8434033E-9
-2.4426204E-32
-8125.2485
-6.1359586E26
-4.729226E-7
4.6269827E-10
1.6524838E35
-2.8938626E-11
32524.996
1.1029723E-16
-3.8317585E-34
-4.2076993E-22
6.137114E-33
-4.220298E37
-2.17875599E12
-1.0244619E-25
-2024.4685
-1.0022847E-28
4.0506634E31
-1.40269337E14
6.369975E29
-5.3693651E8
129.49611
-7.376989E-12
-1.3945643E11
1.98382E-40
534048.1
6.617732E32
6.767633E35
6.929086E-21
-1.2074453E-7
-0.007925988
-3.92653E25
2.3914543E-38
9.629203E21
-1.1353293E-16
4.665159E-13
8.8069929E9
4.1600096E-28
-1.1326527E-16
-1.6874812E-24
-4.026278E-31
-2.1952599E9
-5.8567926E17
8.8153815E9
1.1642774E-13
33648.01
8585987.0
-9.1960425E15
1.8986273E-9
9.480007E-38
2121024.2
-2.4978412E-32
-2.3796305E21
1.0270293E-28
8.9598407E12
1.46705672E17
1.773052E-18
-6.230873E-33
1.41995931E14
-1.5210724E23
-1.622593E32
-5.941509E20
9.964883E-32
9.997818E27
-6.074328E23
3.6033195E16
-1.8589218E-9
5.74710295E17
1.05530145E-22
8.9879573E15
5.4783479E11
-6.6186565E35
-3.6715029E19
-1.6832348E-21
-4.1144128E34
506.08585
-3.732006E22
6.394111E-27
9.5751866E24
-9.539135E-35
-6.8784357E-18
5.9742656E-36
-3.832613E25
-9.3121176E-38
2.22602961E15
-1.4570267E20
1.5974374E32
-3.38102743E10
3.7160074E-37
-0.4917067
-1.38446081E14
-5.28351072E8
4.5903892E-10
1.5264338E26
-7.875853
1.8424086E-9
1.9798275
-1.7190795E-18
-6.3979566E-27
2.4510211E27
2.3368994E21
9.12598E18
1.0974665E-16
2.5557117E-26
6.5449442E-24
2.4528723E27
-31.631344
-6.414425E-27
3.9566326E28
-6.624235E35
1.1667467E-10
-1.511796E-36
9.691772E24
1.0702622E37
-3.9905432E28
1.1498442E-13
1.6786738E35
4.0175028E28
4.1058987E-28
2.30169069E15
1.863177E-12
-1.0549709E34
6.499245E-30
-1.0817005E-22
1.1119627E-19
33656.01
-2161088.8
-8.8478874E9
1.042776E-28
1.1194075E-19
4.0098812E25
-8.295414
-4.822882E-10
3.720969E16
1.1459345E-16
1.707525E-24
4.2941816E-25
-4.7914755E-10
-6.338552E26
1.1198707E-19
2.32780463E15
1.0998598E-22
1.5911499E-33
7.876664E-6
1.0664142E-25
-3.8878832E22
-4.0503525E-31
1.0419435E31
1.7046864E35
3.1284068E-5
1.2509902E-4
1.1652836E-13
1.0903277E-22
1.6504716E32
3.9387294E-34
-0.12656786
2.6872573E36
2.16727578E9
1.5266733E-36
-128.60547
1.6681268E35
-1.78541E-15
3.8728128E25
3.7895913E-37
-510.8984
1.0834245E-19
1.0309326E34
-6.1357697E26
-1.5239106E-33
-3.9126875E28
-2.27695609E18
-2.5483751E-26
1.201648E-4
-1.7862095E-12
0.12262531
-2.6057613E36
1.5477009E-30
-2.4233287E27
2.20204611E15
1.4784599E23
-1.58206E-27
-7.4697864E-6
1.6628065E38
-510959.78
9.647375E27
4.2321186E-19
-1991.4365
-3.847888E28
1.4660312E23
2.2900973E21
4.3045516E-16
4.734022E-4
5.8513872E-36
-3.7467235E25
-8.7180229E15
-5.6970507E20
4.2028695E-19
6.7305205E-18
6.4536567E35
-1.1588594E-7
9.1499683E-38
1.0552504E-19
7.2556046E-9
-3.9430086E-28
1.8218593E-9
-1.1370812E-10
8039.3726
4.2559422E-19
-2.3681796E-35
6.2195004E-30
-6.2311522E-30
-5.8118943E20
2.28515419E18
-3.6600748E19
7.586553E-6
-0.0019432304
-2.1315255E9
2.9796862E-8
-127.48241
1.37164218E11
-4.320662E-19
-2.5406097E-29
-3.8750563E25
-0.00197053
6.02834E20
3.063543E-8
-536608.25
1.49432495E17
1.5672196E-36
-4.874752E-10
2.9804304E-14
2.09839
4.067141E25
-4.6700685E-16
-4.14653E-31
1.7851129E38
1.1646711E-16
-4.4632887E-22
1.120669E-22
2.693839E-29
-4.114602E25
1.6644942E26
-6.0655307E14
-6.996844E32
6.817029E-30
-1.094823E-28
-6.1081374E14
-7.1663925E35
-2.6860094E27
-2.735077E30
4.630924E-22
-0.033816375
9.4961832E12
2.6750892E-32
-35237.035
4.2468398E28
2.0490863E-6
-1.6989779E29
1.635029E23
-6.6677875E-33
6.2242982E17
1.0192889E-37
1.1406514E37
2.5868246E-35
-4.5054893E37
8911110.0
-1.821175E-18
5.112592E-4
-1.2414974E-7
-9.3117683E15
-8404.753
4.0631113E-31
-2.8965552E-14
0.00799513
-129.63283
-1.0982975E-19
-4.6065934E-13
-7.192598E-15
1.526007E23
0.50503546
1.8911805E-9
-0.50250244
-9.648752E-35
-8.5652925E9
-6.9108347E-18
8.7214659E12
2.4962281E30
-6.648462E-21
-3.44445514E13
1.0154353E34
6.939867E-15
1.54189895E-30
32027.488
1.00989936E-25
6.041004E-33
-0.0019040696
NaN
9.8521283E-29
-2.827337E-11
-6.7339086E-18
4.6200853E-7
-2.5656019E36
0.48517585
3.8423875E28
1.7212243E-15
9.3296E-35
-1.57069745E32
-7.037811E-12
-6.3980244E-24
2.281198E21
3.5661734E19
-2.3855563E-32
9.801438E-29
-5.8614504E23
-3.9422074E-28
9.667863E-32
-0.48737314
1.658341E38
2.3533608E24
9.3695676E-35
7.4286913E-6
1.3079956E8
-2.14067131E12
-3.865641E-31
1.9649347
-3.968339E-28
-2.4817911E-29
-1.17137425E-7
9.498447E24
2.5491654E33
0.030674448
-3.6994197E-37
2.3729552E-35
-1.1502796E-10
6.7050214E-21
-1.0010982E-28
-1.6037511E32
2.6284792E-23
2.13313101E9
4.5131948E-13
1.1029384E-16
2.5211806E30
-3.49325775E13
6.0354054E23
-2.6526958E36
-2.9253044E-11
-0.5003663
5.965469E20
0.007895232
-1.0990254E-19
-4.9512094E-4
2.0161E-40
5.7430598E14
-6.1446126E23
7.10915E-18
4.88799E-7
2.540272E-32
-1.6888154E35
-1.0341754E31
4.732216E-10
-1.0782779E37
-0.007874014
8.9576933E12
7.398084E-12
8.7503688E9
533376.1
5.6032559E11
-3.8375767E-37
-32.715828
-7.587689E-9
4.514619E-16
4.033018E-31
-8.7178619E9
-2.3903668E21
0.0019691589
-2.4891783E27
2.669003E36
-4.2537763E-22
4.070223E31
6.056804E23
1.1120865E-16
3.074668E-5
-7.6247375E-6
2.779454E-17
NaN
4.235423E-22
-1.7303559E-18
2.30074114E18
2.29954487E18
3.59457817E16
1.4373035E17
2.4143835E24
-9.640711E24
1.5539891E26
-2.7266355E-20
-9.904126E27
-6.376358E29
-1.5065613E-36
-2043.7186
8.9871326E15
-1.7337969E-18
2.409543E-35
2.9868716E-8
3.362304E7
1.34688768E8
-2.4750457E-32
-3.7823597E-37
-9.977869E27
-1.4503438E17
-2.32216856E18
3.7994645E-37
-9.976017E-32
4.6931353E-10
1.564677E-33
-4.671108E-10
9.718925E24
-128.8086
-6.6650034E35
-2.16668621E9
1.43404697E14
2.4017522E21
-4.0143595E28
-4.085314E-28
9.545615E21
5.964208E20
7.518339E-9
5.7009685E14
-1.45342277E17
1.5810014E26
1.011234E-31
-1.5857895E-33
-1.9593288E-6
33565.01
-1.5806237E26
-8583682.0
-1.7384852E38
-2.904795E-14
1.0099099E-31
2.651757E-26
-8.193607
5.049261E-4
-1.845313E-15
2.9595267E-14
1.613114E26
3.1174764E-8
-1.39403328E8
2.5787913E-32
-2.6710843E-26
2.5599078E-32
-9.273834E15
-7.478909E-12
-6.488268E-30
-2.52974E-32
1.9092006E-9
2.0482185
-4.627827E-13
6.891864E-21
2.9072234E-14
-2.876172E-14
4.196558E34
1.5617148E-33
-1.545728E-33
1.4449342E17
8203.0
6.621888E-24
1.5510411E-33
-2.641404E-23
1.6986079E38
-1.0317511E-25
1.19158344E-7
-2.5679786E-26
2.635426E-23
-7.20468E-12
3.39701862E10
-2.11818854E9
2066207.5
0.49256885
-6.380341E32
4.079742E34
2.4312624E27
3.7113108E22
-3.968832E-28
2.5492446E33
8036.9976
2.6602534E-20
6.377865E32
-1.4777475E-36
8.6308684E12
6.0655486E-33
-2.535657E33
2.72465E-17
1.02033166E34
NaN
-2.6021042E-23
-2.478517E-29
7.310289E-9
8043.6226
8.8381467E15
-4.0690302E34
-1.08660735E-16
6.1958876E29
2.3035633E-38
-8.3849344E9
-3.9457467E31
2.7143161E-17
-2.593905E-23
4.4668422E-13
-1.789901E-12
505.33582
-3.8082337E25
1.1255231E-13
-2.8158894E-14
6.423026E32
518511.9
9.32661E-38
-5.97287E23
3.71905E-37
3.57088327E16
2.5072523E-29
9.617836E24
-1.8977732E-6
-1.8098854E-12
-8.9700897E15
-6.4634327E32
-9.862718E27
-1.6548162E35
-5.33708736E8
1.8048338E-12
NaN
0.031047817
9.390977E21
9.853689E-32
1.019784E31
-1.35196672E8
4.074837E-28
33182.004
-4.021734E28
-0.007910253
-4.2882857E-22
-6.545574E-27
-0.031637195
4.613254E-13
-3.874348E25
9.326956E18
-1.0743979E-22
6.727508E-24
1.0511101E-25
8.1538105
-1.9035729E-9
-32.642586
9.379311E18
