-0.03051851
-0.031708732
-0.03228858
-0.03216651
-0.03216651
-0.033021025
-0.034699544
-0.036683246
-0.038209174
-0.03885006
-0.038972136
-0.039216284
-0.03955199
-0.039368875
-0.03863643
-0.038270213
-0.039002657
-0.04031495
-0.04095584
-0.040253915
-0.039002657
-0.038575396
-0.03930784
-0.039796136
-0.03851436
-0.035828732
-0.033661917
-0.033021025
-0.033143103
-0.033143103
-0.033021025
-0.0328074
-0.031861324
-0.030487992
-0.03012177
-0.031769767
-0.034333322
-0.035920285
-0.036133915
-0.03619495
-0.03662221
-0.036988433
-0.03646962
-0.035126805
-0.03341777
-0.031617176
-0.029389326
-0.026184881
-0.02249214
-0.01986755
-0.019226661
-0.019409772
-0.01843318
-0.016388439
-0.014679403
-0.013458663
-0.011200293
-0.0080568865
-0.005981628
-0.0055543687
-0.00491348
-0.003112888
-0.0018921476
-0.0023194067
-0.0024109622
-6.408887E-4
0.0012207404
0.0010681478
5.4933317E-4
0.0025025178
0.0061342204
0.00778222
0.0066835536
0.0057069613
0.0059511093
0.005218665
0.0028992584
0.0021668142
0.005096591
0.008789331
0.009552293
0.008362072
0.00860622
0.010406812
0.011078219
0.010132145
0.010406812
0.013122959
0.016541032
0.01904355
0.021607105
0.025421917
0.029206213
0.031067843
0.031006806
0.030457472
0.030365918
0.030304879
0.029938657
0.029267251
0.028992584
0.02948088
0.03012177
0.030030213
0.0295114
0.030182805
0.03213599
0.033875547
0.034669027
0.03607288
0.039002657
0.041718803
0.042451248
0.042481765
0.043794062
0.0455031
0.045411542
0.043244727
0.04031495
0.03701895
0.03341777
0.030793175
0.030213324
0.03051851
0.029816583
0.028565325
0.027588733
0.026123844
0.02310251
0.020020142
0.019135106
0.020233773
0.021393474
0.02249214
0.024933621
0.028077029
0.029938657
0.030335398
0.030976288
0.03253273
0.033722952
0.034150213
0.034760583
0.03518784
0.034363844
0.03256325
0.031434067
0.030365918
0.02722251
0.022370066
0.018890958
0.01800592
0.017181922
0.014831996
0.012512589
0.012237922
0.0128482925
0.012604144
0.011932737
0.011902219
0.0118717
0.010925626
0.010071108
0.010620441
0.011627552
0.010681478
0.007538072
0.004181036
0.001800592
1.8311106E-4
-0.0010071108
-0.001678518
-0.0023804437
-0.0041505173
-0.0071108127
-0.010132145
-0.011993774
-0.01248207
-0.012298959
-0.011993774
-0.011963256
-0.012207404
-0.012298959
-0.011383404
-0.009399701
-0.007141331
-0.00552385
-0.004486221
-0.0036622211
-0.003051851
-0.0032654805
-0.00430311
-0.005401776
-0.0060731834
-0.007202368
-0.010010071
-0.014221625
-0.018311106
-0.021362957
-0.024323251
-0.028168585
-0.031678215
-0.032898955
-0.03234962
-0.032654807
-0.03500473
-0.03762932
-0.038575396
-0.037965026
-0.036683246
-0.03500473
-0.033295695
-0.032654807
-0.032776877
-0.032105472
-0.03073214
-0.031220436
-0.034516435
-0.037995543
-0.039216284
-0.039399397
-0.04037599
-0.04135258
-0.040864285
-0.04037599
-0.04196295
-0.044343393
-0.044679098
-0.043061618
-0.041810356
-0.041474655
-0.04107791
-0.04052858
-0.040803246
-0.0413831
-0.040681172
-0.039033175
-0.038178656
-0.038392283
-0.0389111
-0.039277323
-0.03952147
-0.03915525
-0.037903987
-0.0364391
-0.035493027
-0.03442488
-0.032685325
-0.031006806
-0.030396435
-0.030243844
-0.029236732
-0.027283547
-0.025666066
-0.025666066
-0.027344584
-0.029541917
-0.030579546
-0.029602954
-0.027497176
-0.025421917
-0.023438215
-0.0212714
-0.01944029
-0.018402662
-0.016968291
-0.013824885
-0.009887997
-0.007538072
-0.007538072
-0.0079958495
-0.0073244423
-0.005981628
-0.0055543687
-0.006286813
-0.007019257
-0.006836146
-0.006042665
-0.0056459242
-0.006164739
-0.006836146
-0.0067445906
-0.0061342204
-0.005584887
-0.004974517
-0.0037537767
-0.0020142216
-7.9348125E-4
-5.1881466E-4
-8.2399976E-4
-0.0014038514
-0.0025940733
-0.0037537767
-0.003540147
-0.001800592
-8.5451826E-4
-0.001983703
-0.003173925
-0.0015869625
0.0020447401
0.004364147
0.004119999
0.0036927396
0.0049439985
0.00695822
0.0079958495
0.008636738
0.010101627
0.012237922
0.013794366
0.013977477
0.013336589
0.013245033
0.014709922
0.01742607
0.020142216
0.022125918
0.023651846
0.024597919
0.024597919
0.0245674
0.026581623
0.030579546
0.03375347
0.034302805
0.033997618
0.034058657
0.033082064
0.030304879
0.028077029
0.028199103
0.02826014
0.02578814
0.02294992
0.022888882
0.024719993
0.02557451
0.025818659
0.027588733
0.030152287
0.031189917
0.03112888
0.032441176
0.034882657
0.035981324
0.03543199
0.0356151
0.037507247
0.039246805
0.039124727
0.037202064
0.034150213
0.030457472
0.027253028
0.025696585
0.025879696
0.026856288
0.028382214
0.030335398
0.031617176
0.03073214
0.027893918
0.024811547
0.02313303
0.023285624
0.025208289
0.02822962
0.031067843
0.03250221
0.032654807
0.03216651
0.031037323
0.029084139
0.026978362
0.025421917
0.023987548
0.021759696
0.018768884
0.015717033
0.012787255
0.0096133305
0.0066835536
0.005157628
0.004730369
0.0037232582
0.0018921476
7.6296274E-4
0.0014038514
0.00286874
0.0036927396
0.0037842952
0.003357036
0.0020447401
-6.103702E-5
-0.0021057772
-0.003418073
-0.004364147
-0.005340739
-0.006103702
-0.0066835536
-0.007660146
-0.008667257
-0.008301035
-0.0063783685
-0.00430311
-0.0027161473
-3.9674062E-4
0.002929777
0.005462813
0.0059511093
0.005859554
0.007019257
0.008362072
0.007477035
0.0045167394
0.0011291848
-0.0021973327
-0.006775109
-0.012329478
-0.016663106
-0.018890958
-0.020844143
-0.024018068
-0.026734214
-0.026764732
-0.025208289
-0.02496414
-0.026917325
-0.028931547
-0.029663991
-0.030304879
-0.03152562
-0.03173925
-0.029877622
-0.028168585
-0.029053621
-0.031556137
-0.032593768
-0.032044433
-0.032715842
-0.0356151
-0.038026065
-0.038026065
-0.037507247
-0.038361765
-0.03930784
-0.0380871
-0.035493027
-0.034333322
-0.035065766
-0.035676137
-0.03540147
-0.03585925
-0.037995543
-0.040223397
-0.04095584
-0.040559098
-0.040437024
-0.040559098
-0.039796136
-0.03765984
-0.035096288
-0.03311258
-0.03173925
-0.030610066
-0.02948088
-0.028626362
-0.02826014
-0.02783288
-0.026642658
-0.024719993
-0.022980437
-0.0220954
-0.02194281
-0.022156438
-0.022400586
-0.022156438
-0.020538956
-0.017639698
-0.0145878475
-0.012756737
-0.012329478
-0.012237922
-0.011963256
-0.011749626
-0.011993774
-0.012176885
-0.011505478
-0.009857479
-0.0079958495
-0.006775109
-0.0065614795
-0.00695822
-0.0077517014
-0.008667257
-0.008911405
-0.0074465163
-0.0043336283
-0.0010986663
7.6296274E-4
0.0017700735
0.00347911
0.0060121464
0.00778222
0.0080568865
0.0079958495
0.008362072
0.008911405
0.009247108
0.010101627
0.011719108
0.013061922
0.013275552
0.013580737
0.015442366
0.01803644
0.019531846
0.020111699
0.021393474
0.023957029
0.026276436
0.02722251
0.027283547
0.027069919
0.026795251
0.026642658
0.026917325
0.027253028
0.027130954
0.026886806
0.027069919
0.027253028
0.026917325
0.02682577
0.027741324
0.029145177
0.029755548
0.029389326
0.028687399
0.027863398
0.027527696
0.028626362
0.030549027
0.030976288
0.029572435
0.02883999
0.030396435
0.032319102
0.0328074
0.033051547
0.034943692
0.03729362
0.038056582
0.038056582
0.039185766
0.04107791
0.041810356
0.04113895
0.040253915
0.039826654
0.040009767
0.041291542
0.043488875
0.044312876
0.041871395
0.037202064
0.032990508
0.030396435
0.028595842
0.026459549
0.02417066
0.022431105
0.021423994
0.020111699
0.017242957
0.013336589
0.010956145
0.011688589
0.013641774
0.013885922
0.012939848
0.013550218
0.016113773
0.01800592
0.018402662
0.019379254
0.021820735
0.023224585
0.022003844
0.02026429
0.019928586
0.019714957
0.017609179
0.014679403
0.013245033
0.012634663
0.010071108
0.005401776
0.0012512589
-7.324442E-4
-0.0010986663
-0.0010986663
-5.1881466E-4
4.2725913E-4
0.0011902219
0.0011902219
0.0010376293
0.0010681478
7.6296274E-4
-4.5777764E-4
-0.0022278512
-0.0035096286
-0.004119999
-0.0045777764
-0.00573748
-0.007538072
-0.009186071
-0.010406812
-0.01147496
-0.012787255
-0.013794366
-0.013824885
-0.013245033
-0.012787255
-0.012329478
-0.0113528855
-0.010589923
-0.011597034
-0.01413007
-0.016296884
-0.017151402
-0.017883847
-0.019135106
-0.019928586
-0.019226661
-0.018311106
-0.018585771
-0.019684438
-0.02047792
-0.021240883
-0.02294992
-0.025147252
-0.026245918
-0.026062807
-0.026154362
-0.02743614
-0.028656881
-0.028412733
-0.027100436
-0.026673177
-0.02783288
-0.029847102
-0.031861324
-0.03338725
-0.033661917
-0.032105472
-0.029358806
-0.026764732
-0.024414808
-0.02148503
-0.018341623
-0.015839107
-0.013489181
-0.0097354045
-0.004974517
-0.001617481
-6.103702E-4
-3.357036E-4
4.5777764E-4
8.5451826E-4
-1.8311106E-4
-0.0019226661
-0.0038453322
-0.006775109
-0.011017182
-0.014893033
-0.017273476
-0.019013032
-0.021027252
-0.022125918
-0.020996734
-0.018555254
-0.01617481
-0.0130314035
-0.0076296274
-7.6296274E-4
0.00552385
0.010742515
0.015625477
0.019562364
0.020966217
0.02008118
0.019623403
0.020203253
0.019928586
0.017548144
0.014801477
0.01330607
0.011841182
0.009063997
0.0061342204
0.004974517
0.004852443
0.004119999
0.00347911
0.004791406
0.007477035
0.009308145
0.009979553
0.011139256
0.0129093295
0.013550218
0.012878811
0.012726218
0.01391644
0.014923551
0.014679403
0.014099551
0.014435255
0.014893033
0.014252144
0.013214515
0.013977477
0.016724143
0.018921476
0.018494217
0.016449478
0.015472884
0.016296884
0.017700735
0.01861629
0.019318216
0.01986755
0.019531846
0.018097475
0.017090365
0.016998809
0.016541032
0.014801477
0.0130314035
0.012756737
0.013245033
0.012390515
0.01004059
0.008301035
0.008484146
0.009521775
0.009918516
0.0096133305
0.009125034
0.008545183
0.0076906644
0.007415998
0.0081789605
0.009277627
0.00921659
0.007934812
0.0069887387
0.007354961
0.008270516
0.008545183
0.008239998
0.008026368
0.007354961
0.005340739
0.0025940733
8.850368E-4
3.662221E-4
-7.6296274E-4
-0.0032654805
-0.005279702
-0.005279702
-0.0046388134
-0.00573748
-0.008301035
-0.009887997
-0.009582812
-0.009369182
-0.010498367
-0.011780145
-0.011627552
-0.010620441
-0.010315256
-0.010925626
-0.011810663
-0.012604144
-0.013367107
-0.013702811
-0.013275552
-0.013122959
-0.014069033
-0.01535081
-0.01495407
-0.012573626
-0.010071108
-0.009277627
-0.009704886
-0.009979553
-0.009369182
-0.008545183
-0.008270516
-0.008423109
-0.008789331
-0.009308145
-0.01004059
-0.0112308115
-0.0128482925
-0.014618366
-0.01614429
-0.017334513
-0.01821955
-0.018494217
-0.017883847
-0.0168157
-0.01620533
-0.015900142
-0.01474044
-0.012207404
-0.009918516
-0.009369182
-0.009582812
-0.008545183
-0.0058290353
-0.003418073
-0.0023499252
-0.001739555
-6.714072E-4
3.051851E-5
-6.714072E-4
-0.0023194067
-0.003357036
-0.003540147
-0.0038148137
-0.0048829615
-0.006530961
-0.008270516
-0.009521775
-0.010376293
-0.0112918485
-0.012329478
-0.013489181
-0.01495407
-0.016998809
-0.018799402
-0.01925718
-0.018066958
-0.016510513
-0.014923551
-0.012237922
-0.007873775
-0.003173925
1.8311106E-4
0.0024109622
0.0042725913
0.0058900723
0.006897183
0.0074465163
0.007965331
0.0081789605
0.0073244423
0.005096591
0.0020752586
-5.1881466E-4
-0.0021973327
-0.0035096286
-0.005462813
-0.007873775
-0.009277627
-0.008789331
-0.0070497757
-0.0051881466
-0.0036927396
-0.0026856288
-0.0028992584
-0.0046998505
-0.006836146
-0.0075685903
-0.0069887387
-0.0067445906
-0.0079958495
-0.0097354045
-0.010498367
-0.010589923
-0.011200293
-0.012237922
-0.012237922
-0.010498367
-0.008209479
-0.006775109
-0.006164739
-0.005584887
-0.00491348
-0.0046998505
-0.005279702
-0.006530961
-0.0081179235
-0.009491256
-0.010223701
-0.010834071
-0.012359996
-0.014679403
-0.016327403
-0.016693626
-0.016907254
-0.017578661
-0.017700735
-0.016510513
-0.015045625
-0.014893033
-0.015594958
-0.015503403
-0.013885922
-0.011200293
-0.008362072
-0.0061952574
-0.0054322947
-0.00634785
-0.008545183
-0.011108737
-0.013336589
-0.015137181
-0.016937774
-0.019135106
-0.021668142
-0.02356029
-0.024262216
-0.024262216
-0.024536882
-0.02517777
-0.02557451
-0.025025178
-0.02356029
-0.021637622
-0.019470809
-0.017365031
-0.015686514
-0.0144657735
-0.013580737
-0.012878811
-0.012237922
-0.011719108
-0.01147496
-0.011597034
-0.0118717
-0.011932737
-0.012268441
-0.013763848
-0.016663106
-0.019501328
-0.020996734
-0.021698661
-0.02310251
-0.025025178
-0.02600177
-0.025208289
-0.023865474
-0.022827845
-0.021515548
-0.019226661
-0.016388439
-0.014038514
-0.01208533
-0.009887997
-0.007477035
-0.0055543687
-0.004364147
-0.0034485916
-0.0027161473
-0.0023194067
-0.0025635548
-0.0033875545
-0.004181036
-0.004486221
-0.0040284432
-0.003112888
-0.0022583697
-0.0015259255
-8.5451826E-4
-6.103702E-5
2.4414808E-4
1.5259255E-4
6.103702E-4
0.0025330363
0.0052491836
0.006836146
0.0068666646
0.006836146
0.008453627
0.01043733
0.010742515
0.01004059
0.010773034
0.013183996
0.014435255
0.01330607
0.012054811
0.0128482925
0.014862514
0.016357921
0.01739555
0.01864681
0.018982513
0.017578661
0.01614429
0.0168157
0.018951993
0.02026429
0.019928586
0.019104587
0.018341623
0.017181922
0.01556444
0.014282662
0.013672292
0.013580737
0.014007996
0.014831996
0.01574755
0.016571552
0.01742607
0.01843318
0.019501328
0.020630512
0.021637622
0.022431105
0.023438215
0.025482956
0.028077029
0.029847102
0.030426953
0.03128147
0.03335673
0.035584584
0.036591694
0.036561176
0.035767693
0.03341777
0.029999696
0.028077029
0.029114658
0.03070162
0.029847102
0.026947845
0.023926511
0.02069155
0.016693626
0.014007996
0.014862514
0.017517624
0.018066958
0.016327403
0.01535081
0.01620533
0.017151402
0.017639698
0.019592883
0.02310251
0.025421917
0.025116734
0.024292734
0.024658956
0.025025178
0.02371288
0.02130192
0.01882992
0.015778068
0.011566515
0.007934812
0.0065614795
0.0068666646
0.0072634052
0.0076296274
0.008697775
0.009949034
0.010589923
0.011017182
0.011841182
0.012115848
0.010956145
0.009369182
0.008819849
0.008636738
0.0071718497
0.004791406
0.003234962
0.0027161473
0.0018616291
3.357036E-4
-8.850368E-4
-0.0016479995
-0.0022583697
-0.0015869625
0.0010681478
0.0037537767
0.0035706656
0.0017090365
0.0021362957
0.0058290353
0.009155553
0.0096133305
0.008697775
0.0081789605
0.0073854793
0.0054322947
0.0036622211
0.0031434065
0.0027161473
0.0011902219
-2.4414808E-4
0.0
0.0016479995
0.0032044435
0.004119999
0.004852443
0.0058900723
0.0076906644
0.010284738
0.012817774
0.014221625
0.014770959
0.015869625
0.01742607
0.017700735
0.015717033
0.013367107
0.0128482925
0.013824885
0.014099551
0.013153478
0.012207404
0.011963256
0.011597034
0.010376293
0.009186071
0.009125034
0.010071108
0.010711997
0.010620441
0.010284738
0.010132145
0.009765923
0.008545183
0.0067445906
0.005035554
0.00347911
0.001739555
5.1881466E-4
0.0012512589
0.0040284432
0.007080294
0.008697775
0.009247108
0.009918516
0.010773034
0.011322367
0.01208533
0.013794366
0.015778068
0.016876735
0.017090365
0.017365031
0.017517624
0.016479995
0.014221625
0.012146367
0.011017182
0.010071108
0.008545183
0.006897183
0.005584887
0.004425184
0.003601184
0.003540147
0.0041505173
0.0050050355
0.0061952574
0.007904294
0.009338664
0.009979553
0.010895108
0.013153478
0.015411847
0.015472884
0.0135197
0.012329478
0.0128482925
0.013061922
0.011658071
0.01004059
0.009521775
0.00921659
0.007538072
0.0051271096
0.003967406
0.0050050355
0.0075685903
0.010254219
0.011627552
0.010956145
0.008880886
0.006897183
0.0056764428
0.0042725913
0.001800592
-0.0010681478
-0.0030213324
-0.0037537767
-0.004364147
-0.005920591
-0.008087405
-0.009704886
-0.010223701
-0.010864589
-0.012604144
-0.014557329
-0.015137181
-0.014435255
-0.013855403
-0.014038514
-0.0144657735
-0.015778068
-0.018921476
-0.02316355
-0.026032288
-0.026642658
-0.02661214
-0.026917325
-0.02661214
-0.024903104
-0.022736289
-0.021668142
-0.021790216
-0.022217475
-0.022827845
-0.024140142
-0.02642903
-0.028992584
-0.030579546
-0.030823695
-0.030365918
-0.030274361
-0.03070162
-0.031250954
-0.032013915
-0.033265173
-0.03485214
-0.03601184
-0.03619495
-0.035828732
-0.035584584
-0.035767693
-0.03625599
-0.036713768
-0.036713768
-0.036500137
-0.036774803
-0.03762932
-0.038117617
-0.037598804
-0.036591694
-0.03646962
-0.037812434
-0.039582506
-0.040223397
-0.039582506
-0.03875851
-0.03955199
-0.042329174
-0.045838803
-0.04870754
-0.050752282
-0.052034058
-0.052064575
-0.05032502
-0.0474868
-0.044495985
-0.041291542
-0.03723258
-0.032898955
-0.029602954
-0.027527696
-0.02578814
-0.024323251
-0.023438215
-0.022400586
-0.019898068
-0.0168157
-0.015228736
-0.015472884
-0.015655994
-0.015167699
-0.015594958
-0.017151402
-0.017853327
-0.016876735
-0.016510513
-0.018127995
-0.01965392
-0.019104587
-0.018158514
-0.018921476
-0.020142216
-0.019745477
-0.019226661
-0.021057772
-0.024140142
-0.025238808
-0.024140142
-0.023621326
-0.02478103
-0.026032288
-0.026184881
-0.025727104
-0.024689473
-0.022339549
-0.019135106
-0.01620533
-0.013122959
-0.008636738
-0.002929777
0.0022583697
0.0064394055
0.010925626
0.016541032
0.021820735
0.024842067
0.025269326
0.02435377
0.023194067
0.022217475
0.02130192
0.02026429
0.018677328
0.016571552
0.014496292
0.013000885
0.011841182
0.01065096
0.009552293
0.009247108
0.010193182
0.011841182
0.013214515
0.01413007
0.015228736
0.017456587
0.02069155
0.02377392
0.02560503
0.02642903
0.02764977
0.029633474
0.031464584
0.03216651
0.032074954
0.032227546
0.03250221
0.032013915
0.031067843
0.03073214
0.031403545
0.031861324
0.030945769
0.028809473
0.026459549
0.024445325
0.022858363
0.0220954
0.02255318
0.023468733
0.02356029
0.022431105
0.021179846
0.021423994
0.022919402
0.024201177
0.024506364
0.02496414
0.026642658
0.028687399
0.029267251
0.028656881
0.028595842
0.029541917
0.030182805
0.030152287
0.031159397
0.034089174
0.037385173
0.038972136
0.039216284
0.03952147
0.040070802
0.039887693
0.038789026
0.0372631
0.03518784
0.03216651
0.028565325
0.025116734
0.02188177
0.01882992
0.016479995
0.015137181
0.013702811
0.0110477
0.0076906644
0.0047608875
0.0026551103
0.0011291848
7.324442E-4
0.0019531846
0.0039368877
0.0055543687
0.0066835536
0.00778222
0.008636738
0.009033479
0.009582812
0.011078219
0.012756737
0.013336589
0.0130314035
0.013245033
0.014038514
0.013733329
0.011688589
0.009277627
0.007873775
0.006530961
0.003418073
-6.103702E-4
-0.0030823695
-0.0037232582
-0.005157628
-0.008850368
-0.012817774
-0.0145268105
-0.014679403
-0.015533921
-0.017731253
-0.019959105
-0.021698661
-0.023346659
-0.024842067
-0.025055695
-0.02356029
-0.021149326
-0.018890958
-0.017273476
-0.016571552
-0.016479995
-0.01620533
-0.015106662
-0.013550218
-0.012268441
-0.011383404
-0.011169774
-0.011780145
-0.012817774
-0.013580737
-0.014313181
-0.015717033
-0.017487105
-0.018341623
-0.017639698
-0.01617481
-0.01474044
-0.01330607
-0.012146367
-0.011597034
-0.011444441
-0.011505478
-0.012298959
-0.013885922
-0.015015107
-0.014557329
-0.013397626
-0.013214515
-0.014160588
-0.014893033
-0.015076144
-0.015259255
-0.014893033
-0.012756737
-0.009155553
-0.006225776
-0.005218665
-0.0055543687
-0.006286813
-0.007354961
-0.008880886
-0.010773034
-0.012939848
-0.015045625
-0.016449478
-0.016388439
-0.015076144
-0.013641774
-0.012726218
-0.012115848
-0.011169774
-0.0097354045
-0.00839259
-0.0072939238
-0.0063173315
-0.0050050355
-0.003967406
-0.004364147
-0.006286813
-0.008148442
-0.008026368
-0.0056459242
-0.0022278512
7.6296274E-4
0.002929777
0.004730369
0.006897183
0.009460738
0.011902219
0.013550218
0.014557329
0.015472884
0.01614429
0.015167699
0.012024293
0.008423109
0.006530961
0.006164739
0.00573748
0.005218665
0.005920591
0.0077517014
0.008789331
0.008453627
0.008453627
0.009643849
0.010376293
0.009643849
0.009125034
0.010559404
0.012573626
0.0130314035
0.012421033
0.012604144
0.014007996
0.015106662
0.015503403
0.016052736
0.017181922
0.018768884
0.02087466
0.023071993
0.024048585
0.022888882
0.020538956
0.01882992
0.01861629
0.019501328
0.020538956
0.020844143
0.020538956
0.020538956
0.0212714
0.021759696
0.02148503
0.021576587
0.022919402
0.024109622
0.02356029
0.02188177
0.020508438
0.019226661
0.017151402
0.014923551
0.013397626
0.0118717
0.009643849
0.007660146
0.0071108127
0.0075685903
0.007812738
0.0080568865
0.008850368
0.009704886
0.010162664
0.011078219
0.013275552
0.015625477
0.01675466
0.016693626
0.016083255
0.01474044
0.012359996
0.010467849
0.010742515
0.012268441
0.0128482925
0.011627552
0.0097354045
0.0080568865
0.006775109
0.0060121464
0.006042665
0.006164739
0.0048829615
0.001983703
-7.9348125E-4
-0.0014038514
-5.798517E-4
-0.0011291848
-0.004364147
-0.008331553
-0.010467849
-0.011200293
-0.012451552
-0.014007996
-0.013977477
-0.012207404
-0.010956145
-0.011139256
-0.011597034
-0.011932737
-0.014007996
-0.017883847
-0.020447401
-0.01986755
-0.018555254
-0.019684438
-0.022186957
-0.023224585
-0.022980437
-0.02371288
-0.025452437
-0.025757622
-0.024231697
-0.022827845
-0.02252266
-0.021820735
-0.019714957
-0.017731253
-0.017029328
-0.016724143
-0.015991699
-0.015594958
-0.016510513
-0.017578661
-0.017303996
-0.016296884
-0.016418958
-0.017548144
-0.018402662
-0.019013032
-0.020783104
-0.02371288
-0.0262154
-0.026947845
-0.025940733
-0.023682363
-0.020447401
-0.017273476
-0.015503403
-0.015076144
-0.014435255
-0.013061922
-0.012421033
-0.013702811
-0.016327403
-0.018951993
-0.021057772
-0.02249214
-0.022888882
-0.022675253
-0.02313303
-0.02499466
-0.02761925
-0.02990814
-0.03112888
-0.030762658
-0.029053621
-0.027253028
-0.02639851
-0.026367992
-0.025818659
-0.024597919
-0.023499252
-0.02316355
-0.023224585
-0.023194067
-0.022766808
-0.022125918
-0.021698661
-0.02191229
-0.022186957
-0.021515548
-0.019898068
-0.018158514
-0.016418958
-0.014160588
-0.011719108
-0.009979553
-0.008697775
-0.0072328867
-0.006103702
-0.006103702
-0.0058900723
-0.0043946654
-0.0036622211
-0.006164739
-0.009918516
-0.011108737
-0.010254219
-0.010925626
-0.013122959
-0.013122959
-0.010162664
-0.007599109
-0.006897183
-0.005981628
-0.0040894803
-0.003051851
-0.003051851
-0.0021973327
-3.9674062E-4
6.103702E-5
-5.1881466E-4
4.8829615E-4
0.003112888
0.0039979247
0.0021973327
4.5777764E-4
3.9674062E-4
8.5451826E-4
0.0014648885
0.0032044435
0.0055543687
0.006530961
0.0069887387
0.008636738
0.010315256
0.009521775
0.008087405
0.010589923
0.016235847
0.019318216
0.018189032
0.01742607
0.01965392
0.021637622
0.020813623
0.019806512
0.021118809
0.02249214
0.020996734
0.018158514
0.016388439
0.015076144
0.012543107
0.010193182
0.0097354045
0.010010071
0.008667257
0.0065004425
0.0059511093
0.0073244423
0.009247108
0.011383404
0.013855403
0.015808588
0.016327403
0.016724143
0.018341623
0.02008118
0.02026429
0.019318216
0.019013032
0.019684438
0.019959105
0.01925718
0.018524736
0.018677328
0.019531846
0.020355847
0.019898068
0.017059848
0.012878811
0.010376293
0.011078219
0.013336589
0.014374218
0.014099551
0.014160588
0.014435255
0.013367107
0.0110477
0.00982696
0.010498367
0.010986663
0.009582812
0.007599109
0.0075685903
0.009552293
0.0114139225
0.011597034
0.01065096
0.010132145
0.01043733
0.011169774
0.011810663
0.0118717
0.010895108
0.008209479
0.0043946654
0.001495407
0.0010681478
0.001983703
0.0014038514
-0.0011597034
-0.0035096286
-0.0038758507
-0.002929777
-0.0020752586
-0.0010071108
7.324442E-4
0.0025940733
0.0040589618
0.006408887
0.010803552
0.016113773
0.02026429
0.022766808
0.02417066
0.024414808
0.022919402
0.020722069
0.019409772
0.018890958
0.017853327
0.015869625
0.013794366
0.011932737
0.009918516
0.008087405
0.007080294
0.006530961
0.0054933317
0.0039979247
0.0032044435
0.0036317026
0.0045777764
0.006042665
0.007843257
0.008667257
0.007080294
0.004181036
0.0025330363
0.0026856288
0.0026245918
0.0016479995
0.0013428144
0.0021057772
0.0020447401
5.798517E-4
3.051851E-5
0.0019226661
0.004425184
0.005920591
0.007904294
0.0112308115
0.013061922
0.010864589
0.0071718497
0.0062562944
0.008453627
0.010406812
0.010956145
0.0113528855
0.011627552
0.010528886
0.008575701
0.00778222
0.008514664
0.008697775
0.0073854793
0.00634785
0.007080294
0.008148442
0.0072328867
0.004242073
0.0011902219
-6.103702E-4
-0.0021668142
-0.0042725913
-0.0064394055
-0.007599109
-0.0081179235
-0.008819849
-0.009125034
-0.0079958495
-0.0056764428
-0.003418073
-0.0013733329
0.0017090365
0.0060121464
0.009979553
0.012146367
0.013275552
0.014923551
0.016968291
0.018189032
0.018250069
0.017883847
0.017700735
0.01721244
0.016235847
0.015228736
0.014007996
0.011627552
0.0080568865
0.005157628
0.004425184
0.0045777764
0.0032044435
6.408887E-4
2.1362957E-4
0.0032654805
0.0071718497
0.008484146
0.007538072
0.007354961
0.008972442
0.010895108
0.011627552
0.011383404
0.010956145
0.010834071
0.01126133
0.012146367
0.012787255
0.012237922
0.009887997
0.00634785
0.0028992584
8.850368E-4
2.7466659E-4
-6.103702E-5
-9.155553E-4
-0.0020142216
-0.0028382214
-0.0037842952
-0.005340739
-0.007141331
-0.0081179235
-0.007873775
-0.006775109
-0.0052491836
-0.0035706656
-0.0023194067
-0.0021362957
-0.0022583697
-0.0013122959
0.0010681478
0.0035096286
0.0048829615
0.0058900723
0.0075685903
0.009033479
0.008514664
0.0064394055
0.0053102206
0.005798517
0.00573748
0.0035096286
0.0010681478
2.7466659E-4
-2.1362957E-4
-0.002929777
-0.006897183
-0.009063997
-0.009460738
-0.01043733
-0.012634663
-0.014343699
-0.015503403
-0.018097475
-0.022431105
-0.026276436
-0.028687399
-0.030243844
-0.03073214
-0.02883999
-0.025513474
-0.023590807
-0.023438215
-0.022400586
-0.019013032
-0.014862514
-0.011902219
-0.010193182
-0.0096133305
-0.010498367
-0.012024293
-0.012665181
-0.012726218
-0.014160588
-0.01739555
-0.020447401
-0.022400586
-0.024018068
-0.025482956
-0.025513474
-0.02377392
-0.021729179
-0.020538956
-0.01944029
-0.01742607
-0.014984588
-0.012939848
-0.011535997
-0.010925626
-0.0113528855
-0.012146367
-0.012024293
-0.011444441
-0.012451552
-0.015839107
-0.018860439
-0.01800592
-0.013855403
-0.010498367
-0.010620441
-0.012512589
-0.013214515
-0.012543107
-0.012451552
-0.013611255
-0.015045625
-0.016113773
-0.017059848
-0.017609179
-0.017273476
-0.016693626
-0.017029328
-0.017578661
-0.017120883
-0.016479995
-0.017456587
-0.019135106
-0.018585771
-0.015778068
-0.0144657735
-0.01617481
-0.017700735
-0.016937774
-0.016357921
-0.019013032
-0.023194067
-0.025421917
-0.025696585
-0.026154362
-0.026642658
-0.02560503
-0.024231697
-0.024903104
-0.026734214
-0.026703697
-0.024719993
-0.02371288
-0.024597919
-0.024689473
-0.022431105
-0.019775994
-0.018311106
-0.017365031
-0.015778068
-0.014343699
-0.0135197
-0.01208533
-0.009094516
-0.0062562944
-0.0055543687
-0.0067445906
-0.00839259
-0.010071108
-0.011658071
-0.011932737
-0.009765923
-0.006286813
-0.004119999
-0.0040284432
-0.0046998505
-0.0051271096
-0.006164739
-0.0080568865
-0.009277627
-0.008667257
-0.0076906644
-0.008697775
-0.011444441
-0.0135197
-0.014099551
-0.015381329
-0.018707845
-0.021637622
-0.02148503
-0.019318216
-0.017914366
-0.017273476
-0.015015107
-0.010986663
-0.007873775
-0.006836146
-0.0061952574
-0.0048829615
-0.0041505173
-0.0046388134
-0.0051881466
-0.0051881466
-0.0063783685
-0.009552293
-0.012359996
-0.012298959
-0.009918516
-0.0075075533
-0.005798517
-0.0040894803
-0.0019531846
6.103702E-5
0.001739555
0.0035706656
0.0056459242
0.007599109
0.008972442
0.009949034
0.01065096
0.011108737
0.0113528855
0.0112918485
0.010711997
0.009887997
0.009125034
0.008453627
0.0080568865
0.00860622
0.010345775
0.012421033
0.013489181
0.012939848
0.0114139225
0.00982696
0.008819849
0.008362072
0.0079958495
0.0077517014
0.008331553
0.010071108
0.011932737
0.012512589
0.011566515
0.010010071
0.008636738
0.007904294
0.0081789605
0.009552293
0.010925626
0.011505478
0.011505478
0.012024293
0.013183996
0.014191107
0.01474044
0.015686514
0.017334513
0.018768884
0.01944029
0.020142216
0.021973327
0.024872586
0.02829066
0.03213599
0.036347546
0.03997925
0.042054504
0.04281747
0.04318369
0.043305766
0.04300058
0.042939544
0.043519393
0.043855097
0.04260384
0.039643545
0.03604236
0.032441176
0.029541917
0.028382214
0.028931547
0.029236732
0.027466659
0.024658956
0.023621326
0.025208289
0.027466659
0.029023103
0.030823695
0.033600878
0.03640858
0.03762932
0.03686636
0.035279397
0.033997618
0.033478804
0.03335673
0.03274636
0.031250954
0.029541917
0.02822962
0.027344584
0.02642903
0.025238808
0.023804437
0.022797327
0.022980437
0.024079103
0.024536882
0.02371288
0.023010956
0.023957029
0.025421917
0.02499466
0.022370066
0.019684438
0.01861629
0.018677328
0.018250069
0.016571552
0.014404736
0.013245033
0.013550218
0.014282662
0.013489181
0.010864589
0.008239998
0.007354961
0.007538072
0.0068056276
0.005035554
0.0037232582
0.003418073
0.0027466659
8.850368E-4
-7.9348125E-4
-0.0012817774
-0.0016479995
-0.003357036
-0.0054322947
-0.0058900723
-0.0051881466
-0.00552385
-0.007538072
-0.009582812
-0.010681478
-0.011627552
-0.013245033
-0.014313181
-0.014221625
-0.013977477
-0.014893033
-0.015900142
-0.015289773
-0.013855403
-0.013885922
-0.015594958
-0.0168157
-0.016327403
-0.01535081
-0.015137181
-0.01474044
-0.013428144
-0.012787255
-0.014374218
-0.017090365
-0.018341623
-0.01782281
-0.017578661
-0.018799402
-0.020783104
-0.023010956
-0.025940733
-0.029267251
-0.03158666
-0.032227546
-0.032776877
-0.03463851
-0.036988433
-0.038270213
-0.038605914
-0.03952147
-0.04095584
-0.04159673
-0.04113895
-0.04077273
-0.04107791
-0.041230507
-0.040437024
-0.039002657
-0.03723258
-0.03503525
-0.03253273
-0.03006073
-0.027771844
-0.026062807
-0.025849178
-0.026917325
-0.02700888
-0.02499466
-0.022827845
-0.022400586
-0.02252266
-0.021118809
-0.019531846
-0.020416882
-0.02313303
-0.024506364
-0.024201177
-0.024262216
-0.024750512
-0.023834955
-0.022309031
-0.022827845
-0.025330363
-0.026551103
-0.025696585
-0.025421917
-0.026856288
-0.027588733
-0.026093327
-0.023804437
-0.022339549
-0.02130192
-0.019959105
-0.01843318
-0.016968291
-0.015198218
-0.013458663
-0.012237922
-0.011108737
-0.009460738
-0.00778222
-0.0065614795
-0.004852443
-0.0023499252
-3.662221E-4
1.8311106E-4
7.9348125E-4
0.0027161473
0.0045777764
0.004791406
0.0046388134
0.0060121464
0.007904294
0.0081179235
0.007660146
0.00921659
0.0126957
0.015289773
0.015930662
0.016479995
0.018097475
0.01965392
0.020447401
0.02130192
0.022370066
0.022125918
0.020508438
0.019775994
0.020996734
0.021851253
0.020294808
0.018463697
0.019745477
0.023438215
0.025971252
0.02642903
0.027497176
0.030457472
0.033143103
0.033265173
0.032044433
0.03152562
0.031617176
0.03134251
0.031006806
0.031189917
0.031006806
0.029725028
0.02883999
0.029694509
0.030793175
0.030182805
0.028717916
0.028565325
0.029725028
0.030426953
0.030976288
0.0328074
0.035126805
0.03540147
0.03335673
0.031769767
0.031922363
0.03213599
0.03131199
0.030823695
0.03213599
0.034119695
0.03497421
0.035370953
0.03723258
0.040345468
0.04239021
0.04177984
0.03976562
0.0380871
0.036957916
0.035676137
0.033875547
0.0314951
0.028504288
0.025086215
0.022278512
0.020722069
0.019531846
0.017517624
0.015076144
0.01391644
0.014496292
0.01556444
0.01556444
0.014801477
0.014496292
0.015167699
0.016113773
0.016846217
0.01739555
0.017853327
0.018066958
0.017883847
0.01782281
0.018585771
0.019959105
0.020508438
0.019684438
0.018677328
0.018951993
0.019592883
0.018158514
0.014252144
0.010467849
0.008667257
0.0075685903
0.0054322947
0.0029602954
0.0021362957
0.0024414808
0.0015869625
-8.2399976E-4
-0.0026551103
-0.0023804437
-0.0011902219
-2.7466659E-4
5.1881466E-4
0.0011597034
4.2725913E-4
-0.0021057772
-0.0045167394
-0.004852443
-0.0037537767
-0.0033265175
-0.0043946654
-0.005981628
-0.00778222
-0.010254219
-0.013336589
-0.016022217
-0.017975401
-0.019959105
-0.02252266
-0.02478103
-0.025757622
-0.025818659
-0.026673177
-0.028931547
-0.03134251
-0.03253273
-0.032715842
-0.03335673
-0.0347911
-0.03625599
-0.03741569
-0.038941618
-0.040650655
-0.0413831
-0.040894803
-0.04074221
-0.041688286
-0.042085025
-0.04074221
-0.039338358
-0.0397351
-0.040620137
-0.040009767
-0.038727988
-0.03915525
-0.04077273
-0.04116947
-0.03997925
-0.0397351
-0.04132206
-0.042634357
-0.041810356
-0.03976562
-0.03869747
-0.03869747
-0.03848384
-0.037781917
-0.03854488
-0.04174932
-0.044770654
-0.04397717
-0.03970458
-0.036378063
-0.036500137
-0.03762932
-0.036896877
-0.035340436
-0.034913175
-0.03482162
-0.03338725
-0.03158666
-0.03112888
-0.030640583
-0.02822962
-0.025269326
-0.024475845
-0.024842067
-0.023682363
-0.022003844
-0.023041476
-0.025879696
-0.026062807
-0.023041476
-0.020813623
-0.021332439
-0.022034364
-0.020844143
-0.019684438
-0.020599995
-0.02188177
-0.021118809
-0.019409772
-0.019348735
-0.021088291
-0.022614215
-0.02294992
-0.02356029
-0.025421917
-0.02700888
-0.02600177
-0.022339549
-0.01803644
-0.014862514
-0.012451552
-0.0096133305
-0.006042665
-0.0023499252
6.408887E-4
0.0027466659
0.004974517
0.008362072
0.012726218
0.015655994
0.015167699
0.011963256
0.008728294
0.007477035
0.0075685903
0.0076296274
0.0076296274
0.008087405
0.008453627
0.0080568865
0.007354961
0.007354961
0.0074465163
0.0065004425
0.005157628
0.0051271096
0.006286813
0.006836146
0.0067445906
0.0075685903
0.008972442
0.008850368
0.007080294
0.0062562944
0.0073244423
0.0081179235
0.0076906644
0.008484146
0.011810663
0.014770959
0.015320292
0.015869625
0.019104587
0.023010956
0.02438429
0.024262216
0.025269326
0.026184881
0.0245674
0.021423994
0.019409772
0.01782281
0.0144657735
0.010315256
0.0079958495
0.006897183
0.0045167394
8.5451826E-4
-0.0011291848
-3.357036E-4
0.001617481
0.0036927396
0.0065004425
0.010315256
0.014282662
0.01782281
0.021210365
0.02496414
0.029084139
0.033600878
0.03753777
0.039674062
0.04031495
0.041413616
0.04361095
0.045136876
0.044740133
0.04342784
0.042237617
0.040284432
0.036774803
0.033021025
0.030243844
0.02722251
0.022400586
0.016907254
0.013153478
0.011383404
0.010071108
0.00860622
0.0076906644
0.007873775
0.008941923
0.010895108
0.013245033
0.014618366
0.0145268105
0.014557329
0.016327403
0.01882992
0.019470809
0.017639698
0.015533921
0.014893033
0.014862514
0.013550218
0.010864589
0.008209479
0.0062562944
0.004425184
0.0026245918
0.0014648885
0.0011291848
9.460738E-4
7.9348125E-4
0.001495407
0.0025025178
0.001983703
-1.8311106E-4
-0.0014648885
-4.8829615E-4
3.051851E-4
-0.0014648885
-0.004486221
-0.006042665
-0.0063783685
-0.007873775
-0.010284738
-0.011139256
-0.009979553
-0.008850368
-0.008941923
-0.009552293
-0.0096743675
-0.009338664
-0.008148442
-0.0063173315
-0.0046998505
-0.0037232582
-0.0025635548
-9.460738E-4
6.103702E-5
4.2725913E-4
0.0018921476
0.0051881466
0.008362072
0.009765923
0.009460738
0.008423109
0.0073854793
0.0072634052
0.008545183
0.009887997
0.009765923
0.008758812
0.00860622
0.008941923
0.008209479
0.0066225166
0.0058900723
0.006042665
0.0055543687
0.0040894803
0.0029602954
0.003051851
0.0040589618
0.0057069613
0.007538072
0.0081789605
0.007141331
0.00634785
0.0080568865
0.01126133
0.012726218
0.011658071
0.010101627
0.009552293
0.009247108
0.008301035
0.0073244423
0.0071108127
0.0070497757
0.0060731834
0.004242073
0.0025025178
0.0014038514
7.019257E-4
-9.155553E-5
-9.765923E-4
-0.0020142216
-0.0030823695
-0.0036317026
-0.003295999
-0.0021668142
-9.460738E-4
-2.4414808E-4
-3.357036E-4
-0.0010681478
-0.0019531846
-0.0021973327
-0.0013122959
2.1362957E-4
0.001617481
0.0027771844
0.003418073
0.0029602954
0.0011597034
-5.798517E-4
-6.408887E-4
7.324442E-4
0.0015259255
9.460738E-4
-3.051851E-5
-3.051851E-5
6.714072E-4
8.850368E-4
5.4933317E-4
5.4933317E-4
0.001495407
0.0021362957
0.0014038514
-1.8311106E-4
-6.408887E-4
7.9348125E-4
0.0022888882
0.0019226661
-9.155553E-5
-0.0018616291
-0.0025635548
-0.003418073
-0.0054933317
-0.008331553
-0.010589923
-0.011780145
-0.012176885
-0.012329478
-0.012451552
-0.012421033
-0.012024293
-0.011322367
-0.010773034
-0.010193182
-0.008850368
-0.0070497757
-0.0056154057
-0.0049439985
-0.0046998505
-0.0048219245
-0.0059511093
-0.0076906644
-0.008575701
-0.008087405
-0.0072634052
-0.0069277016
-0.0064394055
-0.005157628
-0.0036622211
-0.0024109622
-0.0011902219
3.051851E-5
3.357036E-4
-7.6296274E-4
-0.0023804437
-0.0038148137
-0.005584887
-0.007965331
-0.0097964415
-0.010315256
-0.010620441
-0.011932737
-0.013489181
-0.013550218
-0.012115848
-0.010711997
-0.009857479
-0.008911405
-0.007843257
-0.0072939238
-0.0072634052
-0.0068056276
-0.0056154057
-0.0049439985
-0.006225776
-0.009125034
-0.012054811
-0.013580737
-0.013794366
-0.013885922
-0.014313181
-0.014435255
-0.013733329
-0.012787255
-0.011993774
-0.010742515
-0.008484146
-0.006103702
-0.004486221
-0.0031434065
-0.001617481
-0.0011902219
-0.0025940733
-0.0040589618
-0.00347911
-0.0020142216
-0.0024719993
-0.0044557024
-0.0049439985
-0.0028992584
-8.5451826E-4
-7.6296274E-4
-0.001678518
-0.0023194067
-0.0036927396
-0.006469924
-0.009063997
-0.009491256
-0.008209479
-0.006836146
-0.005584887
-0.003234962
-2.1362957E-4
0.0020142216
0.003234962
0.0045167394
0.0064394055
0.008331553
0.010223701
0.012665181
0.015259255
0.01617481
0.014923551
0.013122959
0.011719108
0.009643849
0.006164739
0.002929777
0.001739555
0.001739555
9.765923E-4
-3.051851E-4
-3.357036E-4
0.0010986663
0.0023194067
0.00286874
0.0038148137
0.005340739
0.006103702
0.0054322947
0.0049439985
0.0059511093
0.007812738
0.009033479
0.0096133305
0.010010071
0.010162664
0.009491256
0.008514664
0.007873775
0.0076296274
0.0070497757
0.0061342204
0.0053102206
0.0045777764
0.003051851
3.051851E-4
-0.0024109622
-0.0037232582
-0.004119999
-0.00573748
-0.008484146
-0.0096743675
-0.007660146
-0.004547258
-0.0030213324
-0.0028077029
-0.0023804437
-0.0020752586
-0.002990814
-0.0038453322
-0.0023804437
8.5451826E-4
0.003051851
0.003418073
0.003234962
0.0028382214
0.0011291848
-9.460738E-4
-0.0010986663
0.0
-9.765923E-4
-0.0051881466
-0.009308145
-0.010620441
-0.010528886
-0.0113528855
-0.012543107
-0.012421033
-0.011810663
-0.012878811
-0.015259255
-0.016632587
-0.01660207
-0.016998809
-0.018463697
-0.018921476
-0.016907254
-0.0135197
-0.010895108
-0.009521775
-0.008850368
-0.008697775
-0.008697775
-0.007812738
-0.005401776
-0.0024414808
-4.8829615E-4
3.9674062E-4
0.0013428144
0.0027161473
0.003540147
0.002990814
0.00143437
-3.357036E-4
-0.0018616291
-0.003234962
-0.0046388134
-0.0066225166
-0.008911405
-0.010406812
-0.010467849
-0.010406812
-0.011566515
-0.013061922
-0.0128482925
-0.011017182
-0.0096743675
-0.009643849
-0.0097354045
-0.009460738
-0.009491256
-0.0096133305
-0.008911405
-0.008209479
-0.00921659
-0.0114139225
-0.011932737
-0.010315256
-0.00921659
-0.010071108
-0.011139256
-0.010773034
-0.009277627
-0.007202368
-0.0046388134
-0.0025025178
-0.0024109622
-0.0036317026
-0.0036622211
-0.001983703
-7.324442E-4
-7.019257E-4
-8.5451826E-4
-6.103702E-4
-7.9348125E-4
-0.0010986663
-9.155553E-5
0.0017700735
0.0030213324
0.0038148137
0.0057069613
0.008209479
0.009155553
0.008423109
0.007965331
0.00839259
0.008484146
0.008423109
0.009399701
0.010711997
0.010559404
0.009491256
0.009765923
0.010864589
0.010589923
0.009460738
0.0096133305
0.010406812
0.009338664
0.0069277016
0.005981628
0.0062562944
0.004974517
0.0024719993
0.0024414808
0.005096591
0.006469924
0.0048219245
0.0034485916
0.004852443
0.007538072
0.009704886
0.01208533
0.015106662
0.0168157
0.016113773
0.014801477
0.014252144
0.013580737
0.012268441
0.011597034
0.011993774
0.011963256
0.011078219
0.010803552
0.0114139225
0.010864589
0.008423109
0.0064394055
0.0067445906
0.008331553
0.009155553
0.009521775
0.010315256
0.0110477
0.010864589
0.010315256
0.010071108
0.009765923
0.008728294
0.0076296274
0.0073854793
0.0077517014
0.00778222
0.0074465163
0.0072634052
0.0072939238
0.007080294
0.0063173315
0.00552385
0.0054322947
0.005859554
0.006225776
0.006530961
0.007599109
0.009491256
0.010528886
0.009521775
0.0076906644
0.007019257
0.0075685903
0.008270516
0.008880886
0.009949034
0.010864589
0.010467849
0.008819849
0.007202368
0.0057069613
0.0037232582
0.001800592
9.460738E-4
5.798517E-4
-8.850368E-4
-0.0029602954
-0.003601184
-0.0023194067
-4.8829615E-4
7.019257E-4
0.001678518
0.0030213324
0.0048829615
0.007141331
0.009460738
0.0110477
0.011658071
0.012359996
0.014160588
0.016510513
0.018372143
0.01965392
0.020599995
0.021149326
0.021149326
0.020752586
0.020233773
0.01904355
0.017090365
0.015198218
0.014343699
0.013763848
0.012176885
0.009430219
0.006775109
0.005279702
0.0045777764
0.004364147
0.005096591
0.007080294
0.008972442
0.009521775
0.009552293
0.011108737
0.014038514
0.015869625
0.01535081
0.014038514
0.013153478
0.011535997
0.008331553
0.0053712577
0.004364147
0.0040589618
0.0028382214
0.0014648885
0.0011291848
9.460738E-4
-7.324442E-4
-0.003418073
-0.0056154057
-0.00695822
-0.0076296274
-0.006775109
-0.0038758507
-2.1362957E-4
0.0021057772
0.0021973327
7.324442E-4
-0.0010376293
-0.0018616291
-0.0014038514
-7.6296274E-4
-8.5451826E-4
-0.0011902219
-0.0015259255
-0.002990814
-0.006286813
-0.009643849
-0.010895108
-0.011139256
-0.012756737
-0.015289773
-0.016510513
-0.016632587
-0.017670218
-0.01925718
-0.018585771
-0.014984588
-0.0112918485
-0.009094516
-0.0071108127
-0.004364147
-0.0020752586
-0.0011902219
-6.714072E-4
2.7466659E-4
7.324442E-4
-3.051851E-4
-0.0021362957
-0.0036622211
-0.0049439985
-0.006591998
-0.008728294
-0.011108737
-0.0135197
-0.015655994
-0.017059848
-0.017700735
-0.01803644
-0.01843318
-0.019318216
-0.021179846
-0.023834955
-0.025482956
-0.02499466
-0.023651846
-0.023865474
-0.025849178
-0.027344584
-0.02722251
-0.0262154
-0.025238808
-0.02377392
-0.02130192
-0.018982513
-0.018158514
-0.018341623
-0.017914366
-0.016510513
-0.015625477
-0.016052736
-0.016998809
-0.017761772
-0.018860439
-0.021576587
-0.025513474
-0.028809473
-0.030579546
-0.03158666
-0.032593768
-0.03341777
-0.033997618
-0.035279397
-0.03753777
-0.039429914
-0.039490953
-0.038727988
-0.038789026
-0.03952147
-0.03875851
-0.03585925
-0.032837916
-0.031678215
-0.03189184
-0.031830806
-0.030884732
-0.02945036
-0.027558215
-0.025025178
-0.022614215
-0.021240883
-0.020752586
-0.019775994
-0.01782281
-0.01574755
-0.0145268105
-0.013702811
-0.012665181
-0.011993774
-0.012665181
-0.014404736
-0.015839107
-0.016571552
-0.017578661
-0.019104587
-0.020111699
-0.019714957
-0.018677328
-0.017975401
-0.017242957
-0.015472884
-0.012634663
-0.009582812
-0.0069887387
-0.0046998505
-0.0020142216
0.0013733329
0.005096591
0.00778222
0.008697775
0.008819849
0.009247108
0.009460738
0.008026368
0.0051271096
0.0027466659
0.001800592
0.0015259255
0.0012817774
0.001983703
0.0039368877
0.006042665
0.007538072
0.009430219
0.012329478
0.014862514
0.015594958
0.015381329
0.01620533
0.017975401
0.018982513
0.018463697
0.017670218
0.017273476
0.016724143
0.01574755
0.015594958
0.017151402
0.02005066
0.023041476
0.025269326
0.026917325
0.028199103
0.029236732
0.029786065
0.029999696
0.031006806
0.03357036
0.03640858
0.037049472
0.0356151
0.03482162
0.03619495
0.03793451
0.037903987
0.03683584
0.03646962
0.035676137
0.032990508
0.030182805
0.03012177
0.03219703
0.032898955
0.03131199
0.029663991
0.02945036
0.029419843
0.02887051
0.028351694
0.028595842
0.029023103
0.029023103
0.02844325
0.027069919
0.025360882
0.024445325
0.024750512
0.02478103
0.023316141
0.021607105
0.021668142
0.022858363
0.023010956
0.02194281
0.021393474
0.022186957
0.02310251
0.023407698
0.024140142
0.025818659
0.027130954
0.027130954
0.026703697
0.026856288
0.026947845
0.026062807
0.025147252
0.025299843
0.025849178
0.025666066
0.025208289
0.025482956
0.025696585
0.024140142
0.02130192
0.01965392
0.019837031
0.02005066
0.01925718
0.018799402
0.019562364
0.020325327
0.020111699
0.020233773
0.02188177
0.023621326
0.02377392
0.022705771
0.02191229
0.0212714
0.019806512
0.017456587
0.015045625
0.012329478
0.00921659
0.006469924
0.0048829615
0.0036622211
0.0020142216
1.2207404E-4
-0.0015259255
-0.003418073
-0.0054933317
-0.0065614795
-0.0064394055
-0.006530961
-0.0072939238
-0.007599109
-0.0076296274
-0.009338664
-0.012817774
-0.014831996
-0.013977477
-0.013061922
-0.014709922
-0.017273476
-0.017731253
-0.016693626
-0.016510513
-0.016876735
-0.015259255
-0.011749626
-0.008789331
-0.0072939238
-0.005798517
-0.003540147
-0.0020142216
-0.001617481
-5.798517E-4
0.0020447401
0.0040894803
0.0032654805
7.019257E-4
-9.460738E-4
-0.001495407
-0.003418073
-0.006897183
-0.009552293
-0.010193182
-0.010925626
-0.013611255
-0.016632587
-0.017639698
-0.016968291
-0.016937774
-0.017731253
-0.018311106
-0.018890958
-0.020447401
-0.022125918
-0.021973327
-0.020325327
-0.019470809
-0.020447401
-0.021607105
-0.021698661
-0.021546068
-0.02194281
-0.022247992
-0.0212714
-0.019135106
-0.017090365
-0.016022217
-0.015930662
-0.015839107
-0.014984588
-0.013794366
-0.013061922
-0.013122959
-0.013611255
-0.0144657735
-0.016022217
-0.018066958
-0.019959105
-0.021546068
-0.02310251
-0.024445325
-0.025147252
-0.02578814
-0.026886806
-0.027558215
-0.026276436
-0.023194067
-0.020355847
-0.018341623
-0.015808588
-0.012237922
-0.009277627
-0.008209479
-0.008026368
-0.0072328867
-0.0063783685
-0.0066835536
-0.0081789605
-0.009949034
-0.011841182
-0.0144657735
-0.017456587
-0.019928586
-0.021332439
-0.022309031
-0.02310251
-0.02294992
-0.021088291
-0.017883847
-0.014435255
-0.0118717
-0.010193182
-0.008972442
-0.007599109
-0.005981628
-0.004425184
-0.003234962
-0.0026551103
-0.0028077029
-0.003601184
-0.0051881466
-0.007934812
-0.011902219
-0.01574755
-0.017487105
-0.017181922
-0.016968291
-0.017853327
-0.018097475
-0.016113773
-0.013489181
-0.012390515
-0.012359996
-0.011322367
-0.009155553
-0.007599109
-0.007080294
-0.006286813
-0.0050660726
-0.005279702
-0.0076296274
-0.010223701
-0.010834071
-0.009765923
-0.008850368
-0.009491256
-0.011139256
-0.012543107
-0.0130314035
-0.013183996
-0.013702811
-0.013977477
-0.012756737
-0.010528886
-0.009582812
-0.010895108
-0.012604144
-0.01248207
-0.0114139225
-0.011566515
-0.012939848
-0.013489181
-0.012573626
-0.0113528855
-0.010467849
-0.009155553
-0.0070497757
-0.0054933317
-0.005401776
-0.0053102206
-0.003295999
1.2207404E-4
0.0023804437
0.0027466659
0.0027466659
0.003540147
0.004119999
0.0033875545
0.001983703
0.0010681478
5.4933317E-4
-2.1362957E-4
-0.0011597034
-0.001983703
-0.0028992584
-0.004181036
-0.005157628
-0.0052491836
-0.005035554
-0.005340739
-0.0059511093
-0.0063783685
-0.0069887387
-0.008270516
-0.009460738
-0.009125034
-0.0068666646
-0.0036622211
-4.5777764E-4
0.0023804437
0.0043336283
0.005035554
0.0046998505
0.0043946654
0.00491348
0.006530961
0.008514664
0.009979553
0.009918516
0.008270516
0.0060731834
0.004242073
0.0027771844
0.0011597034
-5.4933317E-4
-0.0018311106
-0.001983703
-7.019257E-4
0.0014038514
0.0028077029
0.0024719993
0.00143437
0.001800592
0.0041505173
0.006836146
0.007965331
0.0079958495
0.008331553
0.009582812
0.011108737
0.011993774
0.011841182
0.011078219
0.01065096
0.010956145
0.011535997
0.011719108
0.010895108
0.009186071
0.0071108127
0.005340739
0.0036927396
0.001556444
-6.714072E-4
-0.0012817774
-1.5259255E-4
5.1881466E-4
-7.324442E-4
-0.0022583697
-0.001495407
0.0011597034
0.0036927396
0.005920591
0.0097354045
0.015228736
0.02005066
0.022156438
0.022156438
0.02191229
0.022400586
0.02310251
0.023529772
0.02417066
0.0253914
0.026520584
0.026032288
0.023987548
0.022400586
0.022736289
0.023957029
0.024475845
0.024048585
0.023285624
0.022156438
0.020569475
0.019806512
0.020630512
0.021698661
0.021179846
0.019592883
0.018707845
0.018768884
0.018585771
0.01821955
0.01861629
0.019501328
0.019470809
0.018189032
0.017273476
0.01739555
0.017670218
0.017303996
0.01678518
0.016357921
0.015167699
0.012573626
0.010101627
0.009369182
0.010071108
0.010925626
0.012176885
0.015167699
0.019470809
0.023071993
0.025452437
0.028015992
0.030884732
0.032258064
0.031556137
0.030671101
0.031006806
0.031373028
0.030304879
0.028626362
0.027558215
0.026490066
0.024323251
0.021729179
0.020447401
0.020111699
0.018677328
0.015686514
0.013367107
0.013458663
0.014831996
0.015472884
0.015930662
0.017792292
0.020508438
0.021423994
0.020203253
0.019684438
0.021362957
0.02316355
0.023468733
0.023590807
0.02478103
0.025299843
0.023682363
0.022034364
0.022736289
0.023468733
0.021210365
0.017761772
0.017059848
0.018890958
0.019470809
0.018280588
0.017670218
0.017975401
0.016998809
0.01495407
0.014893033
0.017303996
0.019379254
0.019531846
0.019074067
0.018799402
0.017517624
0.01535081
0.014862514
0.0168157
0.018189032
0.016357921
0.012512589
0.009155553
0.00634785
0.003173925
4.2725913E-4
-7.019257E-4
-0.001495407
-0.0036622211
-0.006225776
-0.0072634052
-0.0073854793
-0.008026368
-0.008270516
-0.006103702
-0.0021668142
7.019257E-4
0.001983703
0.0033265175
0.004791406
0.004669332
0.0029602954
0.0018616291
0.0020142216
0.0016479995
-4.5777764E-4
-0.003051851
-0.004669332
-0.006042665
-0.008880886
-0.013000885
-0.01660207
-0.01821955
-0.018372143
-0.01821955
-0.018127995
-0.017792292
-0.017334513
-0.01739555
-0.017700735
-0.017365031
-0.016022217
-0.014709922
-0.014282662
-0.014252144
-0.014038514
-0.014252144
-0.015472884
-0.01721244
-0.018585771
-0.019592883
-0.020508438
-0.02130192
-0.022186957
-0.023590807
-0.02478103
-0.024719993
-0.024262216
-0.025452437
-0.028412733
-0.03070162
-0.031067843
-0.03073214
-0.030487992
-0.029663991
-0.028046511
-0.027527696
-0.029419843
-0.031861324
-0.032654807
-0.03219703
-0.032441176
-0.033722952
-0.034730062
-0.03497421
-0.03543199
-0.03686636
-0.038361765
-0.039216284
-0.03952147
-0.03970458
-0.039246805
-0.037812434
-0.03604236
-0.03482162
-0.034089174
-0.03317362
-0.03241066
-0.0328074
-0.03418073
-0.035065766
-0.03457747
-0.033936583
-0.034730062
-0.036591694
-0.038148135
-0.03970458
-0.042268135
-0.044953763
-0.045960873
-0.04510636
-0.04498428
-0.046235543
-0.046845913
-0.045747247
-0.044953763
-0.045716725
-0.046235543
-0.044679098
-0.04235969
-0.040864285
-0.039185766
-0.036317028
-0.034119695
-0.034455396
-0.035157323
-0.033448286
-0.030762658
-0.03012177
-0.030854214
-0.03009125
-0.027954955
-0.02700888
-0.027588733
-0.027375102
-0.02560503
-0.024018068
-0.023041476
-0.02148503
-0.019135106
-0.01742607
-0.016876735
-0.016632587
-0.016357921
-0.016541032
-0.01675466
-0.016113773
-0.015533921
-0.016388439
-0.017883847
-0.017578661
-0.015320292
-0.013214515
-0.012604144
-0.012756737
-0.012634663
-0.012543107
-0.012787255
-0.012726218
-0.012024293
-0.011383404
-0.011535997
-0.011902219
-0.011200293
-0.008575701
-0.0047608875
-0.0013122959
0.0011291848
0.0032654805
0.0050660726
0.0053102206
0.0036622211
0.0022583697
0.0032044435
0.00552385
0.006591998
0.006042665
0.005584887
0.0054933317
0.004974517
0.004425184
0.00552385
0.007477035
0.007599109
0.0053102206
0.003540147
0.00430311
0.0060731834
0.006530961
0.006164739
0.0065004425
0.0074465163
0.007721183
0.007415998
0.007812738
0.00900296
0.009949034
0.010132145
0.009857479
0.0097354045
0.009765923
0.010193182
0.0110477
0.011719108
0.0113528855
0.010223701
0.009521775
0.009887997
0.011139256
0.0128482925
0.014923551
0.016876735
0.01821955
0.019165624
0.020416882
0.02191229
0.022827845
0.022980437
0.023499252
0.02496414
0.025940733
0.024689473
0.021607105
0.018494217
0.016388439
0.014709922
0.013061922
0.012359996
0.013061922
0.013763848
0.012359996
0.009277627
0.007019257
0.0072939238
0.009308145
0.011566515
0.014160588
0.017303996
0.020111699
0.02130192
0.021454513
0.02194281
0.023071993
0.024506364
0.025971252
0.027314067
0.02764977
0.026947845
0.026673177
0.027741324
0.028504288
0.02700888
0.024597919
0.023957029
0.024933621
0.024445325
0.021454513
0.01861629
0.017883847
0.017639698
0.015839107
0.013794366
0.013977477
0.015778068
0.016937774
0.01742607
0.01925718
0.022217475
0.02356029
0.022675253
0.022736289
0.025666066
0.029419843
0.031189917
0.03189184
0.03381451
0.03585925
0.03500473
0.031403545
0.028107546
0.026642658
0.025086215
0.022217475
0.019623403
0.018768884
0.018250069
0.016449478
0.014191107
0.013428144
0.013824885
0.013885922
0.013275552
0.013122959
0.013367107
0.012878811
0.011627552
0.010895108
0.011078219
0.0118717
0.0130314035
0.014984588
0.01721244
0.018799402
0.020203253
0.022614215
0.025543991
0.02722251
0.027527696
0.028168585
0.029786065
0.030823695
0.030457472
0.030335398
0.031556137
0.032624286
0.031861324
0.029969176
0.02844325
0.027344584
0.025696585
0.0237434
0.022827845
0.02310251
0.023651846
0.023651846
0.023224585
0.022736289
0.022247992
0.021362957
0.019684438
0.01721244
0.014770959
0.0128482925
0.010956145
0.00860622
0.0066835536
0.0066225166
0.007873775
0.008636738
0.00839259
0.00860622
0.009949034
0.0114139225
0.012359996
0.013641774
0.015839107
0.018402662
0.020508438
0.022278512
0.023651846
0.024201177
0.02417066
0.024323251
0.024262216
0.022858363
0.020630512
0.019531846
0.019714957
0.019592883
0.01861629
0.017883847
0.017517624
0.016479995
0.014648885
0.013336589
0.012512589
0.010956145
0.008850368
0.007660146
0.007415998
0.006836146
0.006042665
0.006714072
0.008575701
0.009521775
0.009247108
0.0097964415
0.011566515
0.012024293
0.0097354045
0.0067445906
0.005218665
0.0044557024
0.00286874
7.324442E-4
-9.765923E-4
-0.002929777
-0.006286813
-0.010345775
-0.012939848
-0.013458663
-0.013183996
-0.0129093295
-0.012604144
-0.01208533
-0.011841182
-0.012054811
-0.012390515
-0.012634663
-0.012878811
-0.0128482925
-0.012329478
-0.01147496
-0.01065096
-0.00982696
-0.009338664
-0.009949034
-0.011902219
-0.013885922
-0.014343699
-0.013672292
-0.013183996
-0.013245033